-0.003068 0.003557 0.003397 0.005450 0.008635 -0.002924 0.040107 0.048031 0.013601 0.011726 0.016757 0.015644 -0.002052 0.000418 0.002396 0.002071 0.000472 -0.001562 0.009370 0.009549 -0.192852 -0.107305 0.374458 0.338237 0.227229 -0.199411 0.293999 0.222294 -0.001593 -0.009248 0.013100 0.016058 0.012218 -0.030227 0.054311 0.060957 -0.188185 0.149792 0.290738 0.247277 0.264511 0.193801 0.305237 0.222285 0.007510 0.020942 0.016150 0.029156 0.000814 0.003089 0.004072 0.005039 -0.000785 0.000216 0.006355 0.005979 0.016183 -0.001482 0.016897 0.010195 -0.003557 -0.002433 0.004766 0.003245
0.001018 0.000917 0.001241 0.001955 -0.033421 -0.020175 0.044075 0.037072 0.022794 0.014332 0.044889 0.050575 -0.000391 0.003467 0.002662 0.003675 0.030430 -0.025892 0.050347 0.028384 -0.218929 -0.132058 0.327318 0.308658 0.242251 -0.156014 0.259100 0.293577 -0.004429 -0.006511 0.006330 0.010069 0.026688 0.020662 0.042963 0.025860 -0.203629 0.170785 0.233994 0.252084 0.237950 0.221452 0.335586 0.261184 0.004967 0.005213 0.012283 0.020245 -0.000519 -0.000814 0.002228 0.002725 0.014886 0.009020 0.017452 0.013062 -0.000128 -0.003377 0.004824 0.004657 0.000112 -0.000614 0.003409 0.002158
-0.000208 0.003878 0.001398 0.019688 -0.011140 0.023539 0.053597 0.076474 0.030053 0.000463 0.047476 0.031798 0.003644 -0.001786 0.004993 0.003522 0.002094 0.002974 0.006988 0.014934 -0.215275 -0.205537 0.247112 0.275773 0.241729 -0.193981 0.271242 0.270680 -0.018229 -0.010580 0.026505 0.027010 0.002844 0.000953 0.010960 0.014744 -0.187783 0.238282 0.235495 0.248549 0.225945 0.183828 0.375958 0.273179 -0.008684 0.014929 0.012358 0.024143 0.001757 -0.000032 0.001795 0.001673 -0.008459 -0.026672 0.017064 0.033905 -0.000562 -0.015973 0.018446 0.028103 -0.000670 -0.006718 0.004777 0.007121
0.000131 0.006682 0.000687 0.014864 -0.015178 0.024527 0.049034 0.057759 0.032303 0.013174 0.035729 0.034651 -0.003108 0.000031 0.009936 0.006899 0.002294 -0.004379 0.004767 0.013455 -0.218646 -0.227346 0.243985 0.261440 0.248459 -0.208419 0.250774 0.247765 -0.017721 -0.007735 0.023793 0.018742 0.004325 0.004866 0.008848 0.010959 -0.200718 0.245608 0.244352 0.249979 0.236784 0.177739 0.370671 0.280489 -0.012721 0.012157 0.014395 0.013847 0.000408 -0.000237 0.000983 0.000931 -0.003454 -0.023480 0.011952 0.027869 -0.000047 0.003031 0.023226 0.037129 -0.000679 -0.005612 0.003022 0.005914
0.000601 0.001133 0.001046 0.001387 -0.002706 0.003703 0.014968 0.006711 -0.015406 0.004153 0.016372 0.012658 -0.002876 0.004550 0.008765 0.005914 0.014639 -0.010937 0.037365 0.017985 -0.268784 -0.222569 0.310323 0.266416 0.218498 -0.124345 0.303535 0.288667 -0.009051 0.028335 0.022164 0.030734 0.012200 0.000106 0.025042 0.011267 -0.239702 0.161007 0.262926 0.219905 0.246879 0.080406 0.372561 0.216164 -0.000769 -0.023638 0.032442 0.036379 0.000968 -0.000036 0.002671 0.002474 -0.027228 -0.028851 0.042452 0.033815 0.023014 0.011242 0.058707 0.020058 0.003645 0.003921 0.006678 0.004626
-0.000438 0.000177 0.001706 0.001140 -0.003180 -0.000126 0.015026 0.004942 -0.001337 0.002295 0.004789 0.011164 -0.008670 0.002094 0.010358 0.002838 0.013229 -0.006059 0.023371 0.012505 -0.261639 -0.235583 0.290826 0.267523 0.232172 -0.145606 0.262991 0.298426 -0.024540 0.021747 0.030341 0.024644 0.008539 -0.001842 0.016118 0.007197 -0.253495 0.171624 0.270438 0.229639 0.281706 0.104664 0.303909 0.267564 -0.002142 -0.015095 0.022998 0.027238 0.000449 -0.000256 0.002212 0.001851 -0.012021 -0.022454 0.053113 0.025101 0.009237 0.015203 0.040303 0.022713 0.000931 0.001209 0.010758 0.003779
-0.001153 -0.001477 0.002338 0.002389 0.012653 0.002586 0.031039 0.028590 0.002609 0.021160 0.038172 0.040204 -0.001026 -0.002914 0.003291 0.004243 0.008944 0.001340 0.014536 0.011851 -0.214427 -0.204353 0.263007 0.281246 0.287917 -0.184177 0.298348 0.247177 -0.019309 0.009870 0.024950 0.017941 0.036861 -0.019113 0.062241 0.038477 -0.171695 0.205727 0.247776 0.238590 0.199726 0.142570 0.313987 0.359019 0.022751 -0.011793 0.036015 0.044394 0.001359 0.000870 0.002251 0.003047 -0.004485 -0.004649 0.018848 0.010434 0.008197 -0.004974 0.012000 0.009868 -0.000162 -0.000103 0.001647 0.002289
0.002363 -0.001306 0.002587 0.001705 0.002340 0.010099 0.023790 0.029964 0.002802 0.001972 0.012617 0.005694 -0.000205 0.001439 0.004144 0.002021 0.004541 0.007789 0.009407 0.013963 -0.195071 -0.220828 0.279807 0.253457 0.265130 -0.204156 0.284485 0.234449 -0.007298 -0.005798 0.010289 0.009875 -0.003985 0.009533 0.010265 0.011620 -0.263212 0.174719 0.283127 0.277513 0.268156 0.121240 0.310132 0.258582 -0.038659 -0.022185 0.075349 0.033510 -0.001235 -0.002424 0.002971 0.003174 -0.019258 0.001717 0.021742 0.019517 0.021739 0.000975 0.039770 0.033866 -0.002059 0.005734 0.003496 0.005757
0.001427 -0.001080 0.002310 0.001288 -0.000935 0.013777 0.033526 0.037799 0.007087 0.003051 0.016391 0.011194 -0.001024 0.000795 0.004199 0.003162 0.008231 0.014319 0.019920 0.026309 -0.173963 -0.214157 0.261228 0.258704 0.251916 -0.201024 0.277975 0.247206 -0.009634 -0.001575 0.016132 0.013381 -0.003462 0.004561 0.015318 0.011510 -0.267241 0.152210 0.280385 0.296093 0.201509 0.101652 0.377345 0.274647 0.019145 -0.022529 0.043572 0.035071 -0.000215 -0.002437 0.002911 0.004698 -0.024090 0.013169 0.029143 0.025604 0.029580 0.025482 0.046424 0.035274 0.000528 0.005551 0.001574 0.005692
0.003471 0.000988 0.006574 0.005134 -0.008728 0.002077 0.015699 0.012618 0.002249 0.024559 0.038472 0.027593 -0.000030 -0.000293 0.001045 0.000633 -0.002588 0.005017 0.011446 0.019159 -0.215541 -0.167327 0.318563 0.251035 0.205183 -0.182118 0.280330 0.191843 -0.001412 -0.001591 0.003063 0.004185 -0.000304 0.006432 0.010960 0.013844 -0.368719 0.168402 0.375830 0.182627 0.285312 0.081857 0.343285 0.126598 0.000245 0.001828 0.000949 0.002984 -0.004243 -0.001963 0.004882 0.003507 0.001077 0.000692 0.026476 0.032164 -0.002695 0.036956 0.023711 0.037697 0.000025 -0.000117 0.000154 0.000507
-0.000053 0.000093 0.000096 0.000121 -0.007863 -0.011520 0.026884 0.015704 0.020749 -0.034012 0.021602 0.034258 -0.006898 0.007293 0.010008 0.010025 0.002179 0.001121 0.004571 0.003777 -0.320591 -0.118589 0.375655 0.150240 0.364555 -0.092894 0.369998 0.154266 0.003708 -0.006077 0.008400 0.012952 0.010506 0.006338 0.023234 0.008734 -0.206828 0.185241 0.235513 0.207969 0.210890 0.168166 0.307015 0.256512 0.001359 0.000426 0.004935 0.009914 -0.003084 -0.001741 0.004842 0.002478 0.016149 -0.017339 0.024721 0.024734 -0.008310 0.005146 0.017500 0.020598 0.000194 -0.003328 0.004929 0.004499
0.001857 0.001947 0.002980 0.003169 -0.001108 0.000588 0.007442 0.005432 0.012491 -0.001274 0.013766 0.006774 -0.000287 -0.001155 0.000626 0.001647 0.022186 0.009126 0.025094 0.014489 -0.283516 -0.084616 0.298269 0.161374 0.341229 -0.109785 0.350614 0.203280 -0.015032 -0.007004 0.015446 0.011476 -0.034079 -0.007103 0.044969 0.034525 -0.146649 0.139528 0.363833 0.291226 0.260665 0.154124 0.326330 0.183177 -0.024549 -0.005241 0.029029 0.028606 0.001952 0.002188 0.002806 0.003933 -0.007008 -0.018651 0.010249 0.034816 -0.003241 -0.031368 0.008376 0.051896 0.000194 -0.001620 0.000603 0.002995
0.000921 0.000001 0.003086 0.002417 0.006823 0.001000 0.018271 0.017577 -0.000249 -0.000353 0.014677 0.013668 0.000896 -0.002055 0.001351 0.003745 0.004331 -0.001582 0.010498 0.015263 -0.239361 -0.118229 0.329368 0.163244 0.296924 -0.122246 0.341454 0.200436 -0.003380 0.005524 0.007072 0.014886 -0.003175 0.016326 0.008028 0.016326 -0.279792 0.189994 0.352905 0.208454 0.319827 0.104719 0.327451 0.163066 -0.014474 0.000421 0.023828 0.022019 0.001462 -0.001411 0.002721 0.002241 -0.014418 0.001347 0.016667 0.005123 -0.000264 0.000545 0.005788 0.005417 0.000949 0.000538 0.001818 0.001006
-0.002570 0.003857 0.003679 0.006150 0.006098 0.000684 0.015416 0.010890 0.015038 -0.001770 0.016765 0.010409 -0.001160 -0.001544 0.001749 0.001854 0.036717 0.009652 0.042725 0.024299 -0.258133 -0.071160 0.271867 0.154354 0.318406 -0.090211 0.345850 0.204379 -0.024835 -0.010103 0.028703 0.022547 -0.000248 0.000984 0.025004 0.020936 -0.152595 0.134221 0.409426 0.359639 0.196793 0.101704 0.331306 0.195635 -0.012747 0.002249 0.027479 0.033955 0.005339 0.001081 0.006772 0.004121 -0.018317 -0.026639 0.024835 0.070500 -0.000527 -0.028010 0.011002 0.080181 0.000623 -0.002801 0.001341 0.008458
-0.004368 0.007557 0.007095 0.013955 0.024020 0.004799 0.031825 0.024691 -0.005942 0.007954 0.028519 0.038364 0.000749 -0.000612 0.001547 0.001343 -0.003440 -0.002474 0.011567 0.012520 -0.247696 -0.165089 0.271492 0.245904 0.247882 -0.150277 0.343453 0.239148 0.008533 0.009947 0.013251 0.027100 0.015633 -0.001631 0.028276 0.012229 -0.256654 0.188647 0.280852 0.247759 0.271067 0.177801 0.311804 0.251658 -0.000226 -0.022014 0.025142 0.026306 -0.000952 0.000705 0.002834 0.001167 0.009577 0.001960 0.022360 0.010385 -0.005752 0.003318 0.018513 0.008421 0.001065 0.007333 0.006573 0.008465
0.003433 0.000303 0.003567 0.000641 -0.004544 0.017721 0.016145 0.020870 0.002664 0.008594 0.022424 0.022670 -0.000374 0.001699 0.002456 0.004810 0.003458 -0.000888 0.009210 0.006128 -0.256657 -0.148978 0.336777 0.163089 0.272421 -0.158326 0.308935 0.174940 -0.017985 -0.004770 0.026083 0.008663 -0.000965 0.000304 0.002762 0.002855 -0.187945 0.213352 0.364462 0.240937 0.246230 0.222616 0.293919 0.260967 -0.033456 -0.003319 0.051267 0.021475 -0.000000 0.000135 0.000157 0.000592 0.015082 -0.003467 0.027149 0.006532 -0.017355 -0.017273 0.020350 0.017913 -0.005797 -0.001467 0.010899 0.004343
-0.009245 0.006994 0.011055 0.008672 0.043654 -0.031604 0.062905 0.051766 0.000236 0.011839 0.011974 0.014257 0.000299 0.000163 0.000513 0.000464 -0.006914 0.010131 0.014364 0.012515 -0.170338 -0.043316 0.410791 0.358070 0.252516 -0.225954 0.267397 0.245684 -0.001650 0.005336 0.007397 0.012866 0.016293 -0.042179 0.022381 0.042487 -0.201092 0.155307 0.248577 0.192286 0.237095 0.210136 0.298541 0.232933 0.007544 -0.000375 0.012935 0.017295 0.011577 0.003943 0.012326 0.004035 0.011111 0.007613 0.022005 0.011847 0.001730 -0.006679 0.023274 0.025354 0.002768 -0.001104 0.003596 0.003010
0.006206 -0.011213 0.009193 0.011285 0.017663 -0.008332 0.031350 0.013667 -0.000474 0.003740 0.014336 0.008046 -0.000916 0.002036 0.003245 0.003468 -0.000924 0.037204 0.033278 0.037719 -0.113950 -0.187527 0.362337 0.242630 0.243349 -0.227990 0.281577 0.280319 -0.001169 0.003403 0.017033 0.027377 -0.010546 -0.013077 0.025747 0.023321 -0.170940 0.155281 0.289013 0.240445 0.279995 0.202373 0.305962 0.263828 0.013171 -0.007984 0.016371 0.025667 -0.005218 0.003123 0.007318 0.003778 0.028488 0.007221 0.050310 0.032685 0.001333 -0.017432 0.013648 0.021115 -0.000149 0.002089 0.001574 0.003375
0.001036 -0.004313 0.002655 0.004487 -0.014706 0.011269 0.023472 0.022816 0.018392 0.000514 0.033736 0.047294 -0.001080 0.000691 0.002738 0.003060 -0.001530 0.027713 0.013827 0.063592 -0.198032 -0.178993 0.294165 0.264681 0.268693 -0.147612 0.330606 0.269060 0.002509 0.004152 0.008574 0.013328 0.024033 -0.022155 0.046182 0.026885 -0.247885 0.192634 0.272670 0.248596 0.241863 0.174810 0.294325 0.256181 -0.011844 -0.013142 0.041796 0.052735 0.002111 0.003985 0.004259 0.004708 -0.003342 -0.001770 0.013572 0.010579 0.009008 -0.003922 0.021188 0.017055 -0.001051 -0.001912 0.001560 0.002695
0.000517 0.000276 0.001801 0.000937 -0.000812 -0.003199 0.008471 0.007076 -0.001564 -0.002490 0.005865 0.005562 -0.004278 0.001318 0.006800 0.003745 0.006951 -0.004293 0.010424 0.021027 -0.304591 -0.136596 0.309154 0.184754 0.266455 -0.125689 0.270699 0.172199 0.003918 0.011846 0.008027 0.012140 -0.009171 -0.004455 0.020903 0.040013 -0.292445 0.132291 0.407568 0.212012 0.311969 0.104428 0.332129 0.179213 0.006524 -0.006053 0.010116 0.009702 0.000687 -0.000375 0.001322 0.001714 -0.006608 -0.000103 0.011766 0.008950 0.003361 0.001088 0.014260 0.014372 -0.000575 -0.000111 0.001463 0.000586
0.000725 -0.000009 0.001768 0.002172 0.001385 -0.000628 0.004142 0.019665 -0.001371 0.004605 0.027938 0.016387 -0.001032 0.000304 0.002741 0.001770 0.014062 -0.005025 0.031760 0.020195 -0.238869 -0.199521 0.255630 0.267691 0.303906 -0.165612 0.339588 0.229388 -0.034142 0.021948 0.045678 0.050642 -0.001847 0.003420 0.011984 0.006588 -0.247431 0.136944 0.271202 0.182569 0.325413 0.128879 0.346091 0.189167 -0.006058 -0.025563 0.016350 0.028925 -0.002482 -0.001390 0.002513 0.002161 0.012561 -0.011925 0.015956 0.017524 -0.010820 -0.019218 0.014534 0.019648 -0.000046 0.001656 0.005802 0.006754
0.004456 -0.014040 0.008287 0.014594 0.011443 -0.010795 0.029627 0.018898 -0.000941 0.001590 0.016333 0.009771 0.001368 0.001921 0.004979 0.005706 0.009632 0.041459 0.039714 0.050060 -0.079900 -0.174351 0.365606 0.254020 0.222134 -0.215360 0.278596 0.273575 0.004911 0.005516 0.018859 0.031999 -0.028114 -0.004907 0.034177 0.018861 -0.132390 0.122378 0.326638 0.252537 0.271231 0.191384 0.298303 0.306465 0.015933 -0.006803 0.023136 0.029736 0.000323 0.000898 0.004959 0.002936 0.017096 0.019802 0.051244 0.033143 0.002822 -0.026698 0.024503 0.034682 -0.000909 0.000041 0.002177 0.001118
0.006081 0.005398 0.006901 0.007532 -0.005135 0.004741 0.014248 0.010297 0.007140 -0.002167 0.009846 0.005656 -0.000840 -0.000741 0.002051 0.001138 -0.000545 -0.007408 0.007282 0.013730 -0.241315 -0.196404 0.247071 0.217381 0.269305 -0.150598 0.271342 0.204658 -0.011036 -0.006223 0.030399 0.017472 -0.000076 0.011572 0.024299 0.020048 -0.194325 0.253973 0.256934 0.296831 0.150142 0.216292 0.358421 0.343495 -0.010088 -0.025822 0.014505 0.054153 -0.006856 -0.005349 0.007255 0.005690 0.028222 -0.020404 0.033776 0.035556 -0.010792 -0.011850 0.015574 0.016300 -0.001850 0.002562 0.001886 0.003105
0.002071 -0.000268 0.004349 0.008592 0.017687 0.007844 0.025446 0.020284 0.004466 0.007249 0.012052 0.012072 -0.006107 -0.005932 0.007837 0.009015 -0.005439 0.023678 0.017020 0.034571 -0.238709 -0.160262 0.333683 0.279467 0.268713 -0.185402 0.289938 0.188288 -0.052974 -0.021942 0.066220 0.061538 -0.008641 -0.019757 0.020929 0.024124 -0.239283 0.095397 0.348293 0.203234 0.279806 0.119644 0.316441 0.219888 -0.063451 0.027980 0.077999 0.044102 -0.000735 0.002276 0.004015 0.005221 0.007981 0.012683 0.028580 0.021037 0.000836 -0.000953 0.008862 0.011046 0.003295 0.001349 0.003391 0.002026
-0.000271 -0.000446 0.000681 0.000954 -0.002812 0.003267 0.006064 0.004661 0.004446 0.008005 0.012485 0.015576 0.000358 -0.000625 0.000460 0.000699 0.074014 -0.025500 0.089517 0.074719 -0.202699 -0.206221 0.339672 0.249238 0.213978 -0.238886 0.283252 0.246272 0.009054 -0.015603 0.040080 0.023610 0.061529 0.040708 0.063403 0.048139 -0.274044 0.191450 0.282885 0.207208 0.219978 0.194070 0.282719 0.235753 -0.002009 0.000737 0.029492 0.010815 0.000910 -0.000859 0.001503 0.001037 -0.006184 -0.014685 0.017194 0.015641 -0.009975 -0.031621 0.016384 0.034030 0.000773 -0.001302 0.001616 0.001329
0.004789 -0.000626 0.009212 0.003602 0.001509 -0.010306 0.006547 0.019167 -0.004879 -0.002378 0.024942 0.021868 0.000971 -0.000633 0.002586 0.001715 0.037589 0.013573 0.064524 0.027611 -0.240333 -0.185194 0.256305 0.273684 0.263806 -0.136521 0.382038 0.283852 -0.023141 0.011563 0.049263 0.051990 -0.005086 -0.003872 0.015008 0.010529 -0.205831 0.116080 0.265847 0.210051 0.293629 0.112812 0.339643 0.215544 0.000245 -0.007280 0.015317 0.037149 -0.004465 -0.001295 0.004610 0.004012 0.017345 -0.004980 0.025102 0.020980 -0.015708 -0.031841 0.025780 0.040316 0.000073 -0.000230 0.002770 0.005713
0.002110 0.000160 0.003549 0.002436 0.007426 0.000190 0.022411 0.014755 -0.000935 -0.002890 0.016287 0.018295 0.001172 -0.001487 0.001747 0.004510 0.004675 -0.000837 0.011343 0.021341 -0.224157 -0.113628 0.350664 0.169827 0.289192 -0.114140 0.347238 0.210214 -0.003712 0.005372 0.007134 0.016030 -0.003674 0.018098 0.009747 0.018117 -0.262304 0.204142 0.375522 0.209448 0.297265 0.097149 0.307214 0.173631 -0.015758 0.000279 0.034663 0.025139 -0.000381 -0.002424 0.001404 0.003205 -0.006033 -0.000637 0.016591 0.011047 -0.004309 0.005106 0.010163 0.008619 0.000852 0.000299 0.001842 0.000905
0.001160 0.000265 0.001646 0.002309 0.000348 -0.007733 0.010975 0.008140 0.004321 -0.012683 0.007446 0.015587 -0.001607 -0.002295 0.004734 0.003441 0.005683 -0.010307 0.007085 0.017060 -0.305187 -0.157156 0.320028 0.189348 0.297052 -0.163798 0.337057 0.186530 0.000405 0.002260 0.012942 0.008310 0.013750 -0.015133 0.026282 0.022173 -0.202919 0.217584 0.289336 0.250011 0.236360 0.223362 0.260328 0.253891 -0.001040 0.006400 0.006914 0.012390 -0.003179 0.001912 0.008357 0.004564 0.011471 -0.015095 0.031197 0.017450 -0.008537 -0.029484 0.025323 0.029986 0.004691 -0.004921 0.005950 0.006842
0.000465 0.000839 0.001089 0.001051 -0.008170 0.014536 0.044243 0.019485 -0.011224 -0.004476 0.029068 0.011324 0.005126 -0.000530 0.010485 0.001107 -0.001862 -0.005945 0.009905 0.012550 -0.244211 -0.150854 0.262995 0.253366 0.254683 -0.072964 0.329560 0.300357 0.005176 0.026395 0.023994 0.034719 0.006981 -0.003304 0.011471 0.016352 -0.235292 0.183382 0.244817 0.255837 0.319327 0.187682 0.324980 0.218098 -0.008747 0.005743 0.009508 0.009697 -0.003247 -0.005145 0.003478 0.007142 0.023087 -0.015415 0.025018 0.032202 0.001298 -0.002629 0.008114 0.020765 0.001150 -0.001005 0.002298 0.002569
0.001247 -0.005005 0.008586 0.014016 0.025562 0.045683 0.051847 0.086949 0.003846 0.009989 0.034288 0.023601 0.002351 0.007181 0.005676 0.014696 0.019109 0.034721 0.027799 0.044346 -0.217062 -0.128786 0.260155 0.261122 0.286301 -0.114401 0.294506 0.185192 -0.038919 -0.004551 0.038919 0.019789 0.001407 0.004927 0.016624 0.030795 -0.252257 0.183713 0.337720 0.266129 0.274997 0.143086 0.301791 0.281571 -0.011646 0.001477 0.020097 0.025309 -0.000875 -0.000218 0.001005 0.000746 0.004946 0.000385 0.042830 0.036507 -0.030974 -0.041781 0.039920 0.047901 0.004922 -0.002594 0.009807 0.009499
0.004148 0.010798 0.006865 0.015538 0.011817 0.029516 0.020872 0.049438 0.010954 0.008842 0.012951 0.012660 -0.005891 0.003348 0.007930 0.008446 0.001726 0.007390 0.009074 0.014820 -0.251409 -0.120146 0.264371 0.230874 0.279639 -0.100932 0.291379 0.174321 -0.002560 -0.005196 0.012268 0.012145 -0.000812 -0.000182 0.009564 0.015700 -0.307501 0.169318 0.368241 0.221289 0.311184 0.134989 0.335337 0.224208 -0.006586 0.004935 0.018051 0.006930 -0.007517 -0.000803 0.007830 0.007779 0.015812 0.001554 0.021946 0.031014 -0.006615 -0.022704 0.014882 0.026779 -0.000302 -0.003832 0.003476 0.005026
-0.001673 0.001121 0.002927 0.002746 0.024319 -0.004238 0.026912 0.022316 0.017361 0.020928 0.019416 0.023004 -0.004017 -0.002282 0.006478 0.003209 -0.000021 0.017301 0.017227 0.029155 -0.180754 -0.118258 0.322929 0.294048 0.305691 -0.141030 0.313365 0.231169 -0.026205 -0.001650 0.029570 0.006465 -0.018521 -0.001852 0.020569 0.011122 -0.186657 0.063437 0.261289 0.192130 0.325091 0.090203 0.452710 0.150085 -0.014435 -0.028972 0.021448 0.029940 -0.000455 0.000627 0.000767 0.000724 -0.001035 0.018864 0.005926 0.020019 0.009828 0.007168 0.033491 0.012731 -0.002854 0.007498 0.003088 0.007658
-0.007053 0.003463 0.007053 0.005842 0.061859 0.041301 0.062768 0.054641 0.030566 -0.001292 0.030566 0.012716 -0.000737 0.000386 0.001081 0.000590 -0.024081 0.042906 0.031313 0.043113 -0.130786 0.066706 0.359707 0.346040 0.317331 -0.126045 0.328440 0.189247 -0.003405 -0.000418 0.004376 0.004953 -0.000826 -0.005403 0.004102 0.008538 -0.260250 0.149120 0.276078 0.250587 0.251861 0.096776 0.284780 0.240885 -0.013762 -0.011462 0.015754 0.015630 -0.002686 -0.002680 0.003303 0.003270 -0.000908 -0.028915 0.016638 0.041448 0.002882 -0.020567 0.021266 0.058927 -0.000630 -0.002045 0.003461 0.003080
-0.000059 0.000617 0.000971 0.000899 0.006789 -0.003405 0.013197 0.004959 0.003554 0.002786 0.005806 0.004153 0.000261 0.000458 0.000438 0.000723 0.005795 -0.003229 0.009530 0.007714 -0.157470 -0.157486 0.209091 0.211086 0.226349 -0.137115 0.228679 0.153354 -0.007409 0.000925 0.008290 0.004399 0.009743 0.003516 0.010557 0.004830 -0.368707 -0.011122 0.375736 0.078561 0.451194 0.030808 0.467178 0.069565 -0.001110 -0.006772 0.005264 0.008017 -0.000567 -0.000505 0.001115 0.000918 -0.006864 0.038123 0.011707 0.040555 0.008972 0.012277 0.018896 0.017751 0.001053 0.000010 0.001275 0.000514
0.002023 0.001115 0.002124 0.001218 -0.011069 0.007405 0.064855 0.013287 -0.014565 -0.000193 0.033457 0.009777 0.005094 0.000302 0.014397 0.001453 0.001467 -0.004811 0.014763 0.012153 -0.253414 -0.118307 0.284175 0.248224 0.231354 -0.038163 0.354609 0.329921 0.003240 0.022299 0.042569 0.039727 0.012764 -0.008200 0.019654 0.029683 -0.207227 0.161500 0.232807 0.245493 0.306062 0.197063 0.316725 0.231494 -0.018282 0.010130 0.019973 0.012392 -0.009105 -0.002345 0.009182 0.008328 0.040226 -0.010182 0.043629 0.048291 -0.000644 -0.001200 0.009606 0.024533 -0.000644 -0.001575 0.003559 0.003757
-0.000286 0.002466 0.003151 0.004788 -0.019129 0.009026 0.024483 0.025836 0.023897 0.015176 0.032297 0.024350 -0.002570 0.003087 0.003851 0.003416 0.001650 -0.002821 0.007048 0.016660 -0.262370 -0.102661 0.273074 0.221838 0.314393 -0.087642 0.316568 0.166204 -0.003867 0.000102 0.007932 0.014518 0.012540 -0.006853 0.019727 0.021806 -0.307505 0.180192 0.330737 0.209363 0.330747 0.143926 0.331809 0.184230 -0.002650 -0.000689 0.004953 0.003150 0.003062 -0.001484 0.003087 0.004230 0.008926 -0.022462 0.009211 0.025918 0.004627 -0.006208 0.010920 0.021305 -0.002850 -0.003528 0.006687 0.005835
0.001369 -0.000019 0.001846 0.001624 -0.024024 0.012901 0.031607 0.023590 0.005411 0.095450 0.055017 0.095680 0.000036 0.006775 0.006920 0.007883 0.004225 0.001533 0.008427 0.004938 -0.200198 -0.132571 0.268188 0.190301 0.319255 -0.131774 0.334762 0.181039 -0.004978 0.002835 0.006161 0.008007 0.013685 0.006917 0.019364 0.009958 -0.259780 0.173331 0.322043 0.201680 0.331614 0.139122 0.358605 0.208651 -0.017150 -0.009587 0.018065 0.010911 0.003112 -0.001718 0.003927 0.003154 0.002742 -0.009618 0.017456 0.014626 -0.003052 -0.012463 0.012305 0.012568 0.000436 -0.000153 0.000633 0.000372
-0.003247 -0.002157 0.004013 0.003655 -0.022040 -0.015133 0.033021 0.018452 0.035520 0.003407 0.041131 0.016694 -0.007190 0.008644 0.011532 0.010751 0.008943 -0.003336 0.021036 0.028393 -0.263371 -0.055227 0.273672 0.286012 0.326559 -0.100775 0.331254 0.167078 -0.010355 0.002645 0.012163 0.011630 0.013730 -0.016702 0.033680 0.043590 -0.251616 0.165132 0.314405 0.215267 0.291041 0.163748 0.295927 0.239631 -0.015061 -0.009575 0.026044 0.016467 0.005737 0.000593 0.012298 0.006617 0.009134 -0.035998 0.014001 0.061569 0.006623 -0.041796 0.017768 0.063950 -0.001956 0.002182 0.005777 0.003591
-0.000346 -0.000284 0.001032 0.000611 0.001268 -0.004982 0.003636 0.005833 0.001098 -0.005090 0.002404 0.007802 -0.000093 0.000450 0.000475 0.000965 0.002337 -0.002076 0.007637 0.003421 -0.204345 -0.168609 0.218979 0.187637 0.197424 -0.189311 0.205900 0.208278 -0.005702 0.003280 0.007421 0.009245 -0.002509 -0.004962 0.006575 0.007701 -0.352595 -0.069865 0.360531 0.149227 0.425350 0.068412 0.448875 0.104709 -0.001167 -0.007447 0.002780 0.008980 0.000189 -0.000031 0.000509 0.000424 -0.016020 0.042230 0.017079 0.045419 0.018666 0.016815 0.019978 0.020365 -0.000075 -0.000026 0.000271 0.000674
-0.001550 -0.000088 0.002004 0.000711 0.005253 0.002652 0.008332 0.006304 -0.005859 0.001062 0.014436 0.003961 0.000985 0.000366 0.001110 0.001035 -0.006019 0.002756 0.007252 0.005083 -0.156082 -0.155699 0.217165 0.184591 0.163730 -0.125203 0.194776 0.151569 -0.011069 -0.004590 0.017507 0.010321 0.001889 0.007950 0.005085 0.009762 -0.433811 0.047708 0.442701 0.076585 0.417055 0.057972 0.435020 0.061775 -0.011566 0.001184 0.011874 0.011166 0.000963 -0.000014 0.001208 0.000720 -0.012383 0.024474 0.012774 0.028271 0.003630 0.006297 0.014341 0.020854 -0.000819 -0.000013 0.001383 0.001269
0.000877 -0.002426 0.003183 0.004571 0.002132 0.000575 0.017669 0.013915 -0.000996 0.000273 0.023353 0.008824 -0.002238 0.005938 0.002735 0.006336 -0.002893 0.000417 0.016368 0.012342 -0.214421 -0.185899 0.305517 0.272570 0.293680 -0.205040 0.338941 0.212868 -0.033574 0.005375 0.034305 0.026303 -0.000004 0.001895 0.002938 0.003998 -0.196623 0.203801 0.282686 0.239887 0.221750 0.187732 0.286591 0.269163 0.002900 0.007141 0.019344 0.017496 0.000280 0.001603 0.000538 0.001618 0.000808 0.003950 0.027767 0.012394 0.000772 -0.001701 0.015008 0.005577 -0.001335 -0.000760 0.001695 0.001367
0.000307 0.001353 0.002592 0.001849 0.005745 -0.006136 0.009489 0.006653 -0.012496 0.005535 0.012685 0.010816 0.000059 0.000802 0.001094 0.002267 -0.001894 -0.004970 0.010200 0.007628 -0.271383 -0.179118 0.296886 0.205021 0.296666 -0.174796 0.310238 0.202137 -0.008492 0.010769 0.010124 0.011632 0.009998 -0.006801 0.012284 0.007444 -0.268073 0.209615 0.300360 0.224641 0.284594 0.182856 0.302717 0.208820 -0.005922 -0.004573 0.007448 0.007412 0.000029 0.000023 0.002880 0.001114 0.011138 -0.001184 0.012496 0.004929 -0.003138 0.004748 0.006868 0.006696 -0.000234 0.000990 0.000846 0.001053
-0.006587 -0.002639 0.008682 0.004117 0.050062 -0.004569 0.055494 0.005637 -0.010152 -0.002143 0.015715 0.011101 -0.003007 -0.000408 0.005403 0.000842 -0.026856 0.000114 0.029664 0.032343 0.096617 -0.103511 0.334344 0.323637 0.214145 -0.136818 0.279851 0.178408 -0.022307 -0.008479 0.035294 0.011632 0.039885 -0.001625 0.047550 0.033030 -0.124326 0.150548 0.362744 0.491439 0.201988 0.108979 0.287361 0.143353 -0.006858 0.006869 0.011687 0.011777 0.000514 0.000576 0.000803 0.001174 0.047293 -0.005751 0.048562 0.006939 -0.013686 -0.004380 0.020143 0.012416 -0.001400 -0.000527 0.004108 0.002592
0.003331 -0.002538 0.004815 0.003134 0.002642 -0.000602 0.010154 0.013021 0.002273 0.009410 0.040836 0.033151 -0.002053 0.000375 0.002633 0.002264 0.055920 0.000133 0.104404 0.061179 -0.209129 -0.105609 0.356705 0.195625 0.310954 -0.096033 0.344303 0.253153 -0.002143 -0.000024 0.010336 0.010394 0.002692 0.032926 0.022667 0.040195 -0.222752 0.116062 0.280247 0.273634 0.281592 0.085741 0.341832 0.202230 -0.018158 -0.026292 0.032811 0.031575 0.004305 -0.007566 0.006659 0.011842 -0.009235 -0.011528 0.027206 0.014228 0.012256 -0.004506 0.025802 0.009646 -0.007661 0.007057 0.011165 0.008272
0.000928 -0.000039 0.001672 0.002050 0.001390 -0.006997 0.013168 0.008377 0.004792 -0.008323 0.007471 0.013975 -0.002224 -0.001457 0.005188 0.003663 0.005852 -0.008605 0.007751 0.017899 -0.296210 -0.162071 0.316278 0.197978 0.286189 -0.175700 0.327105 0.197818 -0.003837 0.003765 0.021900 0.013498 0.009888 -0.017079 0.033633 0.026959 -0.188264 0.197157 0.311713 0.252536 0.234962 0.221544 0.264935 0.257206 0.001454 0.005394 0.008321 0.014649 -0.005690 0.002240 0.007392 0.003849 0.017972 -0.015856 0.041215 0.022236 -0.014677 -0.038715 0.035631 0.039237 0.004302 -0.005080 0.007191 0.006646
0.006877 0.002787 0.013175 0.005282 0.003868 -0.006269 0.015226 0.009077 -0.000764 0.000309 0.007878 0.006726 0.002474 0.000269 0.002784 0.001605 0.025633 0.013571 0.036520 0.019267 -0.268363 -0.103133 0.340060 0.186539 0.281202 -0.148820 0.307510 0.228965 -0.018044 -0.006935 0.023697 0.011254 -0.007123 -0.034896 0.018283 0.067283 -0.173848 0.085464 0.408989 0.304149 0.279794 0.131628 0.290207 0.163289 -0.002941 0.013028 0.016667 0.014952 -0.001184 -0.004660 0.002984 0.011735 0.032334 -0.000032 0.035385 0.028701 0.004386 0.010348 0.012771 0.012068 -0.000743 -0.001120 0.001481 0.001232
0.002696 -0.003035 0.004797 0.006251 -0.002205 0.009673 0.027897 0.025661 -0.013165 0.013821 0.046304 0.017231 -0.000165 0.012242 0.002439 0.013282 0.006265 0.006530 0.028291 0.033207 -0.210288 -0.192850 0.308474 0.254326 0.265368 -0.210393 0.344360 0.218372 -0.036919 -0.011074 0.037081 0.035592 -0.002404 0.002000 0.003963 0.007757 -0.192663 0.209064 0.299464 0.244150 0.237711 0.182418 0.298264 0.229685 -0.018097 0.026386 0.024061 0.042291 0.000773 0.001575 0.000773 0.001575 -0.005051 0.005162 0.031890 0.018199 0.001955 -0.004912 0.017245 0.009843 -0.001349 -0.000741 0.002034 0.002127
-0.001105 -0.000686 0.001394 0.001046 0.004426 0.002004 0.008312 0.005543 -0.016133 0.015063 0.020477 0.036348 -0.001686 0.005393 0.005795 0.016252 0.017879 -0.019111 0.026397 0.027543 -0.215091 -0.109986 0.254819 0.239126 0.249757 -0.104827 0.263390 0.158553 0.003153 0.010841 0.012667 0.019618 -0.004219 -0.013085 0.053556 0.050966 -0.043794 0.066201 0.438472 0.355833 0.255495 0.209797 0.306229 0.296854 -0.051649 -0.029592 0.068131 0.067292 -0.002343 0.000126 0.004980 0.010234 0.039542 0.036001 0.053513 0.051498 -0.028089 -0.017635 0.035967 0.019851 0.001952 -0.002952 0.008714 0.005042
0.001476 -0.000267 0.002545 0.001546 -0.019748 -0.032073 0.047752 0.032119 0.015787 -0.048783 0.037295 0.052161 0.001133 0.000106 0.002048 0.000505 0.014495 -0.000865 0.033595 0.013813 -0.328758 0.013083 0.387005 0.216673 0.352751 0.051542 0.383080 0.265118 0.004750 -0.002953 0.007889 0.005224 0.014615 0.005167 0.042383 0.021249 -0.236511 0.114326 0.294963 0.133522 0.250469 0.101743 0.262430 0.137081 -0.002054 -0.000773 0.013527 0.004164 0.000232 -0.000172 0.000969 0.002110 0.000135 0.004234 0.004127 0.013817 -0.002077 0.000068 0.003886 0.014871 0.000990 -0.001040 0.001603 0.002162
0.000132 0.000759 0.000508 0.001231 -0.001952 0.002071 0.080652 0.020361 0.028759 -0.000138 0.031410 0.011195 -0.000125 0.000035 0.001281 0.000488 0.005965 0.001119 0.008263 0.008685 -0.352185 0.071056 0.405098 0.103299 0.458591 -0.089579 0.462687 0.111434 -0.005040 0.004686 0.006726 0.005084 -0.000948 -0.000111 0.005371 0.006150 -0.155400 0.121954 0.173850 0.136141 0.240269 0.121061 0.240269 0.154107 -0.003762 0.000320 0.007533 0.003986 0.000712 -0.001388 0.001015 0.001598 0.000066 0.000565 0.004538 0.003091 -0.000958 -0.006733 0.008027 0.008278 0.001120 -0.005515 0.003549 0.009358
-0.002348 0.004191 0.003658 0.006594 0.011532 0.010554 0.022071 0.026813 0.005887 -0.013503 0.007463 0.013801 -0.001422 -0.001327 0.002683 0.001575 0.015145 -0.029880 0.042901 0.034832 -0.192638 -0.225005 0.339651 0.245940 0.242389 -0.187349 0.244632 0.221878 -0.036142 -0.013016 0.038990 0.016400 0.034250 0.013921 0.056128 0.033310 -0.177684 0.233522 0.247322 0.294052 0.229768 0.196795 0.348412 0.263510 -0.026872 0.007058 0.027655 0.015107 0.001175 -0.001216 0.002690 0.003679 0.002039 -0.002694 0.009031 0.011608 0.002828 0.005120 0.015322 0.005913 0.000093 -0.000345 0.000768 0.001720
-0.006051 -0.005884 0.006251 0.006180 0.025407 0.022699 0.049175 0.043835 0.001512 -0.004585 0.009503 0.012629 0.002185 0.000216 0.003341 0.003131 0.009484 -0.032040 0.027231 0.084359 -0.235921 -0.205105 0.371410 0.277921 0.285329 -0.122941 0.319819 0.179873 0.011061 -0.012938 0.017231 0.023205 0.001477 0.015914 0.006204 0.086869 -0.076340 0.192107 0.362240 0.263819 0.235080 0.169025 0.240546 0.183985 -0.059078 -0.003591 0.068832 0.047788 0.000524 0.002922 0.001648 0.007823 0.020906 0.002157 0.032305 0.024935 0.003074 -0.002326 0.009188 0.010759 0.000777 -0.001085 0.003093 0.002695
-0.000653 -0.000061 0.001410 0.000377 -0.033608 0.002614 0.062412 0.008053 0.050401 0.002446 0.050665 0.007919 -0.000402 -0.000095 0.000624 0.000819 -0.010417 -0.000071 0.013798 0.006947 -0.327334 0.061609 0.372803 0.074318 0.395311 -0.040097 0.458054 0.068204 -0.003295 0.001847 0.007149 0.015565 -0.006153 0.000888 0.009457 0.008599 -0.188046 0.140912 0.220972 0.266068 0.230385 0.114260 0.255544 0.212223 -0.004069 0.007793 0.007681 0.010155 -0.000465 0.000020 0.001121 0.000279 -0.033507 -0.030787 0.034118 0.036590 0.046525 -0.015153 0.046525 0.019693 -0.000375 0.000143 0.000575 0.000625
-0.000149 -0.001114 0.001016 0.002090 -0.004888 -0.021451 0.012936 0.048470 0.015778 -0.010750 0.024986 0.035319 -0.002026 0.000871 0.003144 0.001841 -0.001092 0.020195 0.003877 0.040508 -0.191597 0.005842 0.236748 0.231581 0.326463 -0.029928 0.431960 0.139422 -0.024560 -0.028283 0.035745 0.038505 0.000779 -0.001841 0.007179 0.005287 -0.152471 0.141282 0.178874 0.245074 0.072712 -0.024231 0.448442 0.413910 0.023247 0.031278 0.043069 0.049572 -0.000890 -0.001172 0.001044 0.001562 -0.020800 -0.024222 0.036010 0.039798 0.032469 0.031003 0.038920 0.040858 0.000801 -0.001028 0.001051 0.001276
0.000018 -0.001006 0.002293 0.003476 -0.001140 -0.000948 0.010537 0.018146 -0.001238 -0.003887 0.012210 0.010523 -0.006526 -0.000045 0.009336 0.001694 0.023236 -0.010166 0.051185 0.031482 -0.291891 -0.145318 0.320074 0.172168 0.321097 -0.138773 0.332554 0.164152 -0.018368 0.021320 0.027847 0.025525 0.014924 0.006206 0.027816 0.025901 -0.240288 0.137061 0.274618 0.216552 0.281540 0.063994 0.354466 0.266333 0.004573 0.000081 0.016709 0.004892 -0.000625 0.002284 0.001293 0.002762 -0.003763 0.004473 0.023588 0.014209 -0.000070 0.029805 0.070688 0.082776 -0.001151 -0.000665 0.001393 0.000930
-0.000249 -0.015092 0.001149 0.015492 -0.007508 -0.027258 0.033801 0.051329 0.025358 -0.005990 0.027495 0.042487 0.000369 -0.000458 0.000391 0.000836 0.006117 0.047916 0.012112 0.055439 -0.292732 0.000579 0.423866 0.222796 0.380267 -0.058126 0.380267 0.169064 -0.036262 -0.029028 0.039559 0.029337 0.004284 0.002289 0.005324 0.005164 -0.159961 0.218792 0.165307 0.240038 0.152285 0.220367 0.188755 0.240946 -0.096165 0.000173 0.096214 0.051787 0.001832 -0.000029 0.001913 0.000555 -0.002518 -0.005259 0.005237 0.008765 0.000556 -0.007845 0.003257 0.008785 -0.001190 0.001111 0.002334 0.003174
-0.003670 -0.009235 0.004703 0.009492 -0.021220 -0.004747 0.042533 0.048294 0.059583 -0.005914 0.062090 0.007960 0.000042 -0.000314 0.000816 0.001255 0.018148 0.036271 0.029693 0.058010 -0.339084 0.090341 0.399684 0.096187 0.434010 -0.042596 0.438321 0.045696 0.002123 0.004945 0.017487 0.009665 -0.001951 0.008311 0.003862 0.013107 -0.178190 0.208949 0.189709 0.215601 0.183672 0.177616 0.199067 0.195751 -0.009932 -0.021956 0.027968 0.028146 0.001939 -0.003191 0.003298 0.003944 -0.005252 -0.008108 0.009521 0.011991 -0.005804 -0.009296 0.012256 0.019010 -0.005240 0.003166 0.010785 0.011674
0.001922 -0.002099 0.002660 0.003221 -0.021642 0.003020 0.037185 0.025509 0.002179 0.021172 0.062965 0.050155 0.001264 0.000797 0.002014 0.002584 0.000467 0.001290 0.011344 0.012709 -0.189898 -0.152522 0.328658 0.220266 0.250018 -0.108688 0.340215 0.348913 -0.001762 -0.002311 0.010204 0.005752 0.004703 0.009919 0.018211 0.018649 -0.223543 0.196119 0.311041 0.290042 0.197057 0.162681 0.285890 0.186801 -0.033017 -0.032790 0.062214 0.057679 0.001307 -0.001514 0.001906 0.002562 0.008074 -0.004345 0.011159 0.007955 -0.007347 0.011048 0.011229 0.016346 -0.004046 0.007388 0.006032 0.007710
0.003913 -0.005402 0.008994 0.010465 -0.008717 0.033965 0.009332 0.036403 0.010203 0.037601 0.023949 0.038365 -0.002753 -0.000294 0.003112 0.003722 0.017138 0.015071 0.028994 0.022991 -0.254989 -0.169372 0.277159 0.235089 0.300641 -0.175459 0.336463 0.195361 -0.016686 -0.000668 0.021842 0.005440 -0.000020 0.002909 0.005125 0.014383 -0.300666 0.103879 0.318666 0.182070 0.318561 0.110313 0.334807 0.147358 -0.000297 0.012301 0.007752 0.013743 0.000100 -0.000741 0.001358 0.003842 -0.023673 0.000549 0.032108 0.037208 0.020673 -0.029072 0.028107 0.058886 -0.000742 -0.000675 0.001544 0.000772
-0.002018 -0.002061 0.002345 0.002325 0.019759 -0.005713 0.023802 0.014795 -0.003230 0.001111 0.010864 0.005285 -0.000334 0.003657 0.003052 0.004721 0.002238 0.007202 0.024752 0.018959 -0.194428 -0.052101 0.261117 0.126424 0.312765 -0.137749 0.332761 0.160755 -0.008230 -0.004846 0.013187 0.011312 0.012337 0.003666 0.013306 0.010371 -0.332150 0.050121 0.366916 0.190086 0.358276 0.037629 0.381804 0.218026 -0.020903 -0.000952 0.021495 0.010161 -0.000412 0.000502 0.001330 0.001786 -0.034692 -0.039262 0.038917 0.046131 0.035989 -0.019325 0.037367 0.038627 0.000761 -0.000466 0.002242 0.001938
0.002319 -0.003809 0.010049 0.005732 0.003230 0.028817 0.028535 0.038322 0.015359 0.011084 0.028221 0.057943 0.002891 -0.002526 0.004290 0.004547 -0.024186 0.026493 0.041537 0.043560 -0.063982 -0.195849 0.329642 0.334488 0.194224 -0.185232 0.233597 0.249717 -0.008138 -0.002031 0.022982 0.035476 0.011649 -0.035006 0.030861 0.037565 -0.184868 0.211488 0.237958 0.272572 0.198311 0.111867 0.358746 0.360550 -0.009634 -0.006881 0.027722 0.022007 0.000836 0.014829 0.003435 0.014869 -0.008822 -0.014120 0.042857 0.029719 0.018467 -0.019154 0.038791 0.047321 0.002335 0.004017 0.002706 0.005025
-0.000737 0.001988 0.001058 0.002119 -0.012831 -0.059199 0.029539 0.064094 0.011756 -0.035849 0.019870 0.047601 -0.000986 0.001195 0.002485 0.002446 0.017312 -0.053224 0.019958 0.054161 0.121183 0.053423 0.381067 0.341396 0.025013 0.001091 0.353490 0.317367 0.003533 -0.045002 0.007087 0.056593 -0.017793 0.047447 0.039615 0.055787 0.251582 -0.069227 0.379548 0.236148 -0.240493 -0.178245 0.251442 0.195473 -0.001437 -0.004524 0.007769 0.010040 0.006877 -0.007650 0.007071 0.007817 -0.027425 -0.003242 0.038795 0.026035 -0.008474 -0.001540 0.012448 0.010243 -0.000124 0.000076 0.000908 0.001059
-0.001301 -0.000388 0.002837 0.003494 0.001554 -0.010215 0.013122 0.015798 0.014192 -0.002338 0.018488 0.017158 -0.000901 0.000271 0.002548 0.003647 -0.002358 0.008480 0.013514 0.015908 -0.257934 -0.122146 0.326036 0.212942 0.262114 -0.170517 0.280504 0.186292 0.007708 -0.000220 0.015487 0.012922 -0.015603 -0.002938 0.020943 0.024088 -0.278268 0.132000 0.287313 0.162410 0.348895 0.185724 0.362704 0.241066 0.008067 0.013063 0.013387 0.014453 0.004289 -0.005682 0.004550 0.005753 0.011241 0.008627 0.017523 0.023530 0.003075 0.015543 0.006328 0.017941 0.000040 0.000030 0.000313 0.000242
0.000036 -0.001867 0.001101 0.001964 0.010234 -0.001295 0.094747 0.015634 0.004327 0.001570 0.008135 0.010213 0.000302 0.000826 0.001319 0.001462 0.015312 -0.022322 0.039200 0.055810 0.278065 -0.016605 0.581041 0.146649 -0.037318 0.036839 0.047451 0.088668 0.000723 -0.001055 0.004491 0.009304 -0.026341 0.041761 0.029666 0.043229 0.075568 0.064032 0.414290 0.404456 0.135663 -0.213923 0.186505 0.275274 -0.003643 0.003836 0.007359 0.006934 -0.000338 -0.000979 0.001520 0.001724 -0.009306 0.009432 0.012594 0.013570 -0.024974 0.042191 0.045226 0.071961 0.006233 -0.004608 0.006714 0.008238
0.000072 -0.000236 0.000911 0.000876 0.000608 -0.007004 0.011812 0.010433 0.004761 -0.000478 0.008019 0.010800 -0.000906 0.001873 0.003497 0.002801 -0.000502 0.003726 0.006967 0.015885 -0.321235 -0.054836 0.346257 0.175758 0.358367 -0.069530 0.361944 0.157879 0.003759 0.009385 0.010236 0.012707 0.005597 -0.006392 0.012558 0.010719 -0.278263 0.059786 0.307185 0.158155 0.325404 0.084348 0.332615 0.164001 0.006690 -0.009336 0.016373 0.013486 0.007336 -0.004432 0.008101 0.005543 -0.002623 0.002974 0.008911 0.003769 0.009912 -0.001265 0.019170 0.004383 0.000091 -0.000790 0.002680 0.001481
0.000767 -0.000163 0.001021 0.000832 -0.003919 -0.001970 0.013279 0.004959 -0.006205 -0.004552 0.082594 0.007515 0.000291 -0.000657 0.000551 0.001350 -0.003691 -0.001892 0.006258 0.005598 -0.154633 -0.287463 0.206433 0.318980 0.148071 -0.012758 0.507119 0.083674 -0.014818 0.006528 0.016918 0.021455 -0.006364 -0.003146 0.025710 0.076214 -0.129780 0.226267 0.256019 0.323312 0.222635 0.033060 0.390123 0.053508 0.004511 -0.000181 0.009071 0.006067 -0.000611 -0.001366 0.001442 0.002072 -0.011705 0.016699 0.014240 0.023161 0.005977 0.029336 0.015046 0.041871 -0.000095 -0.002280 0.003476 0.004721
0.000048 0.000071 0.000850 0.000864 -0.010999 0.000517 0.012394 0.006974 0.027394 0.008806 0.030326 0.014888 -0.006240 0.004136 0.007579 0.008250 0.001115 0.005066 0.006349 0.014877 -0.316442 -0.048943 0.324439 0.154956 0.371313 -0.084690 0.374096 0.123017 0.038403 0.007924 0.044728 0.014782 0.000767 -0.001895 0.012035 0.016102 -0.260674 0.094785 0.333808 0.154822 0.309247 0.108126 0.314039 0.183134 0.061571 0.009372 0.066646 0.009899 0.000328 0.000179 0.001737 0.002148 -0.003940 0.007978 0.012021 0.013254 0.004876 -0.000404 0.009676 0.007673 0.003823 -0.009972 0.010289 0.010140
-0.004960 0.001508 0.004999 0.001578 -0.005731 -0.008969 0.048852 0.022167 0.023848 -0.001805 0.050923 0.021568 -0.002965 0.007222 0.005031 0.011914 -0.012441 0.004166 0.012572 0.004363 -0.263089 0.081984 0.270068 0.112023 0.375139 -0.091698 0.404882 0.111635 -0.003248 0.014069 0.018947 0.019795 -0.004654 0.001763 0.004915 0.003854 -0.214758 0.089250 0.228838 0.408513 0.243526 0.172367 0.253773 0.250655 -0.005677 -0.005714 0.007395 0.013404 -0.000360 0.000188 0.000383 0.000231 -0.043038 0.006758 0.067692 0.022356 0.043108 -0.026400 0.065132 0.032665 0.001704 -0.004117 0.001886 0.004811
-0.004364 -0.005355 0.006216 0.006676 0.031372 -0.026736 0.047760 0.037087 -0.026245 -0.002811 0.043443 0.017203 0.002626 -0.004171 0.002909 0.010732 -0.039453 0.024821 0.054034 0.039207 -0.050733 0.062188 0.486432 0.316460 0.244467 -0.105753 0.386631 0.165045 -0.006538 0.021499 0.011924 0.023043 -0.001870 0.012873 0.011481 0.017511 -0.251088 0.118541 0.293819 0.187193 0.230641 0.053357 0.320695 0.149114 -0.022105 -0.023367 0.033222 0.047510 -0.002192 -0.001183 0.002565 0.002195 -0.007063 -0.001440 0.011951 0.013193 -0.029991 -0.023306 0.048770 0.061640 0.005469 0.007857 0.005787 0.008765
0.002085 0.002898 0.002331 0.004035 0.003172 0.025888 0.007344 0.028613 0.010423 0.015560 0.010512 0.017382 -0.000497 0.001075 0.000821 0.001322 0.007523 0.024957 0.008408 0.024957 -0.160697 -0.049961 0.179616 0.214194 0.200017 -0.071637 0.234803 0.187843 -0.039226 0.013413 0.048818 0.030847 0.001659 0.009504 0.008632 0.018601 -0.420629 0.005408 0.449143 0.088616 0.407626 0.056732 0.419729 0.098213 -0.010466 0.010404 0.018312 0.016717 0.000392 -0.003067 0.003842 0.003217 -0.025741 0.012020 0.051992 0.026624 0.025881 0.012285 0.026769 0.017904 0.001891 -0.000879 0.001969 0.001074
-0.000308 0.000106 0.001666 0.000494 -0.020488 0.008175 0.029054 0.023038 0.023667 -0.009969 0.042579 0.037708 -0.006034 -0.000339 0.009964 0.005869 -0.005736 0.013325 0.015310 0.045845 -0.117399 0.008481 0.172197 0.353275 0.243857 -0.019153 0.317677 0.208585 -0.023607 0.008443 0.037780 0.018327 0.005504 -0.004295 0.006872 0.010022 -0.223559 0.005744 0.234799 0.294977 0.168214 0.003856 0.425707 0.446400 0.011206 0.001782 0.038858 0.066553 -0.001919 -0.000736 0.002916 0.003076 0.005465 0.003763 0.034546 0.068076 0.021560 0.027705 0.023466 0.040629 0.000228 0.000267 0.001452 0.002306
0.001797 -0.000042 0.002054 0.001570 -0.002959 -0.000911 0.012604 0.005668 -0.005021 -0.009437 0.083308 0.010895 0.000137 -0.000755 0.001137 0.002500 -0.001632 0.000338 0.006763 0.006631 -0.138642 -0.268586 0.192326 0.302094 0.134130 -0.008920 0.531307 0.089760 -0.020156 0.008597 0.026390 0.038127 -0.007839 -0.001089 0.027069 0.073749 -0.115765 0.245575 0.240506 0.344134 0.199664 0.069628 0.389246 0.086660 -0.000365 -0.000104 0.008467 0.005543 -0.003136 -0.002306 0.003221 0.002900 0.001790 -0.004637 0.011105 0.017090 -0.008650 -0.000719 0.014738 0.030516 0.003421 -0.002692 0.005302 0.007942
0.001492 -0.001689 0.001644 0.002438 -0.020949 -0.000307 0.027026 0.009458 0.013920 0.012699 0.020828 0.022105 -0.001180 0.001011 0.002480 0.001730 -0.010728 -0.004683 0.015216 0.008665 -0.251308 -0.071516 0.364765 0.199387 0.308936 -0.087615 0.360420 0.124297 -0.008351 0.001250 0.027586 0.038521 -0.010842 0.004050 0.018342 0.007988 -0.230716 0.081335 0.398310 0.176588 0.289305 0.082263 0.356282 0.184142 0.007191 0.003666 0.011218 0.015812 -0.002610 -0.008871 0.006138 0.008874 0.019782 -0.018724 0.026591 0.028655 -0.003663 -0.010504 0.018374 0.014158 -0.001603 -0.002271 0.004182 0.002502
0.002727 0.000818 0.003312 0.001708 -0.019447 0.008401 0.031935 0.017722 0.008063 0.024812 0.023492 0.037764 0.000134 -0.001099 0.001191 0.001586 0.013789 -0.034465 0.088527 0.076744 -0.149826 -0.139098 0.397405 0.225841 0.253335 -0.093952 0.299916 0.170464 -0.016520 -0.005078 0.023226 0.017588 -0.016518 0.032698 0.051751 0.062340 -0.102967 0.078432 0.465276 0.303207 0.231138 0.129219 0.250789 0.256994 -0.010709 0.007760 0.026741 0.022870 -0.001892 0.005501 0.002904 0.005928 0.024614 0.003376 0.032647 0.029724 -0.007857 0.004736 0.011726 0.009353 0.000351 -0.000376 0.003050 0.004481
-0.001026 0.002179 0.001760 0.002502 0.017041 0.019176 0.072980 0.033660 0.002978 0.001349 0.013153 0.006459 -0.003858 -0.000773 0.006526 0.001798 -0.002392 -0.009508 0.014622 0.020340 -0.298348 -0.033816 0.342734 0.171901 0.327421 -0.075910 0.336366 0.128045 -0.062636 -0.019454 0.072558 0.038209 0.008366 -0.002512 0.027195 0.042702 -0.248175 0.159794 0.271476 0.194121 0.185388 0.089041 0.433670 0.224382 -0.076413 -0.020990 0.080897 0.035206 0.002282 -0.001728 0.006911 0.004146 0.015642 -0.002685 0.016733 0.010223 -0.032058 0.021864 0.043127 0.033434 0.001457 0.002961 0.003524 0.003832
-0.009455 0.003695 0.009480 0.007077 0.019995 0.039659 0.048615 0.046489 0.041566 -0.023141 0.041566 0.032293 0.000430 0.000219 0.000591 0.000308 -0.000536 0.003359 0.003802 0.004076 -0.231497 0.033135 0.275353 0.294163 0.300471 -0.004566 0.310327 0.194938 -0.015365 -0.008576 0.020918 0.009457 -0.000464 0.000395 0.002422 0.007129 -0.196350 -0.094669 0.421875 0.272757 0.305501 0.096447 0.337276 0.108651 -0.031896 0.002685 0.033365 0.011299 0.000845 -0.000790 0.001199 0.001918 0.024938 -0.002564 0.117778 0.010842 0.015198 -0.003604 0.020016 0.004408 0.001059 0.000934 0.001240 0.001207
0.001871 0.001521 0.003707 0.003635 -0.009043 -0.000749 0.017428 0.034148 0.000927 0.005956 0.021261 0.026467 -0.004514 0.001023 0.009473 0.004636 0.024497 -0.015095 0.083367 0.059168 -0.241687 -0.149573 0.301251 0.172889 0.282614 -0.117797 0.304896 0.170349 -0.049069 0.027012 0.074871 0.040449 0.015182 0.017464 0.035205 0.035322 -0.242357 0.131087 0.288808 0.220619 0.320536 0.029750 0.388908 0.278382 -0.026197 0.002127 0.035628 0.008263 -0.001256 -0.000514 0.001543 0.002360 -0.020420 0.004629 0.034532 0.016076 0.026214 0.064987 0.035165 0.069177 -0.001696 -0.002262 0.002366 0.002789
0.000247 0.000275 0.001029 0.000936 -0.032158 0.019910 0.034744 0.023408 0.031280 0.035813 0.035900 0.040484 0.001152 0.001247 0.001154 0.001296 -0.000629 0.002104 0.005738 0.005643 -0.182612 -0.106207 0.217990 0.188311 0.217662 -0.113684 0.229701 0.210951 -0.065144 -0.028088 0.067680 0.030717 0.008075 -0.000860 0.009649 0.004859 -0.340867 -0.015500 0.394803 0.144633 0.400014 0.070460 0.454809 0.156001 -0.031240 0.036686 0.036877 0.037933 -0.000139 -0.000377 0.001381 0.001061 -0.001646 0.016194 0.014735 0.019904 0.003964 0.004418 0.012079 0.008284 0.001057 0.000113 0.001132 0.000861
-0.003203 0.002646 0.003660 0.002834 0.026422 0.057026 0.065956 0.068303 -0.005742 0.005856 0.008813 0.008249 0.001497 0.003073 0.003738 0.003113 0.001837 -0.008348 0.008123 0.012082 -0.212506 -0.222329 0.223807 0.248977 0.189005 -0.191839 0.250478 0.216092 0.001305 -0.015415 0.024229 0.022240 0.038858 -0.032741 0.047545 0.049905 -0.335685 0.054027 0.385403 0.112339 0.359114 0.061823 0.404492 0.109509 -0.021310 -0.008375 0.026715 0.011531 0.003615 0.004214 0.004536 0.005085 -0.013299 0.017991 0.020009 0.024042 0.014387 0.011803 0.022381 0.014421 -0.002605 0.003641 0.003485 0.003925
0.001712 0.000099 0.003307 0.002891 0.002130 -0.016038 0.025181 0.042431 0.005052 -0.029649 0.018131 0.039943 -0.003221 0.001706 0.005636 0.004543 -0.005406 -0.003752 0.031400 0.021303 -0.047418 -0.280824 0.171759 0.376867 0.091971 -0.008986 0.239712 0.384839 -0.012203 -0.016060 0.021850 0.024679 -0.013299 0.001014 0.023264 0.037147 -0.107533 0.301038 0.206183 0.346878 0.158120 -0.004799 0.403143 0.251929 -0.000676 0.017860 0.046930 0.049272 -0.000190 -0.001743 0.002276 0.003722 0.003092 -0.009892 0.019576 0.024977 0.002580 -0.001164 0.010517 0.016683 -0.000295 -0.002501 0.004703 0.004198
-0.005403 -0.013582 0.005619 0.014899 0.001905 0.028749 0.042060 0.045410 -0.009721 0.082193 0.050919 0.090127 -0.000547 0.000389 0.007359 0.003127 0.013552 0.039207 0.017123 0.043319 -0.204357 -0.132552 0.271341 0.231280 0.259373 -0.174315 0.289763 0.272435 -0.020101 -0.005530 0.023800 0.015063 -0.000892 -0.005187 0.007408 0.013042 -0.289017 0.080720 0.305288 0.232740 0.313348 0.132154 0.358551 0.178244 -0.002438 0.010560 0.007214 0.011458 0.002747 -0.007419 0.003694 0.010932 -0.021528 -0.040399 0.040952 0.084325 0.037794 -0.009798 0.039913 0.040672 -0.002410 -0.002574 0.003257 0.002586
0.002438 -0.001700 0.003730 0.006023 -0.019023 -0.027306 0.038772 0.047967 0.031431 -0.021350 0.053357 0.036305 0.004824 0.007258 0.006215 0.009547 0.005904 0.000371 0.006419 0.006280 -0.250912 -0.126888 0.270456 0.210645 0.399818 -0.141107 0.400791 0.221479 0.007803 -0.017096 0.015045 0.021127 -0.002796 0.000249 0.008483 0.011541 -0.197228 0.116039 0.217444 0.209653 0.324881 0.110590 0.338510 0.146125 0.009871 -0.010160 0.026329 0.028201 0.000013 0.000655 0.001893 0.001210 0.006839 0.012469 0.009876 0.017071 -0.005939 -0.005062 0.022253 0.038605 0.002299 -0.002223 0.009338 0.009194
0.001055 -0.002168 0.001974 0.003459 -0.021336 -0.034916 0.035839 0.041505 0.036612 -0.024197 0.050787 0.024715 0.001024 -0.001077 0.001171 0.001250 -0.004910 -0.008567 0.021525 0.043573 -0.268725 -0.027218 0.375841 0.184308 0.360795 -0.053433 0.413657 0.098293 -0.012084 0.001974 0.021355 0.018295 -0.010949 0.012697 0.023938 0.034559 -0.122345 0.205600 0.203678 0.212461 0.109401 0.079981 0.365075 0.351437 -0.006449 -0.008759 0.023534 0.018330 0.004759 -0.003931 0.010022 0.010348 0.015760 -0.012197 0.020034 0.018339 -0.002613 0.014976 0.017875 0.027020 0.000091 0.004807 0.001008 0.005889
-0.000447 -0.000192 0.000447 0.000974 -0.000208 0.002843 0.023444 0.006100 -0.002609 0.002970 0.011553 0.004917 0.000146 -0.000629 0.001009 0.001153 -0.004952 -0.011606 0.005773 0.016166 -0.331071 -0.043950 0.404179 0.133498 0.307347 -0.043112 0.357553 0.121898 -0.009135 -0.000473 0.011987 0.007765 0.008628 -0.018967 0.010764 0.104957 -0.161745 0.068572 0.433417 0.235658 0.243788 0.037608 0.281817 0.171898 -0.006571 0.004038 0.012073 0.010722 -0.000616 -0.000672 0.000655 0.000763 -0.043708 -0.026125 0.048486 0.034099 0.030891 -0.029783 0.038896 0.036344 0.000040 0.000115 0.001695 0.001405
0.002908 -0.001548 0.017154 0.003145 0.015324 -0.004886 0.028274 0.008881 -0.010556 0.018660 0.022801 0.025231 0.001514 0.002314 0.004270 0.006746 -0.020172 -0.000612 0.105180 0.008974 -0.114899 -0.179125 0.336376 0.189713 0.308249 -0.162151 0.391828 0.199966 -0.054247 -0.012064 0.058360 0.050073 -0.030227 0.012883 0.059478 0.023698 -0.126853 0.154083 0.360579 0.192905 0.312894 0.121917 0.342219 0.134925 -0.038501 0.008898 0.052416 0.033963 -0.000372 0.000413 0.001537 0.001369 0.009746 -0.006466 0.016504 0.007997 0.000732 -0.013908 0.013629 0.016967 -0.000750 0.005820 0.006947 0.006117
0.006962 0.002611 0.011470 0.011822 0.001812 0.000251 0.012732 0.017783 0.019805 0.007338 0.023921 0.017138 -0.001781 0.000756 0.002119 0.002129 0.013472 0.014488 0.018884 0.017561 -0.235506 -0.106853 0.269255 0.226256 0.305184 -0.094747 0.335891 0.158021 -0.014444 0.002815 0.015624 0.028115 -0.008130 -0.031615 0.019691 0.048582 -0.015014 -0.016317 0.407033 0.444839 0.186674 0.134190 0.303169 0.214379 0.003262 -0.004025 0.005371 0.018950 -0.000834 0.006127 0.005816 0.008160 0.039397 0.031262 0.039808 0.037076 -0.000507 -0.008028 0.016900 0.009598 0.001653 -0.000555 0.001682 0.001787
-0.010390 -0.004022 0.012550 0.005150 0.039350 -0.058902 0.073283 0.059191 -0.025022 -0.017156 0.084526 0.061059 0.000962 -0.002041 0.002744 0.003227 -0.033527 0.025827 0.052527 0.032358 0.044587 0.033770 0.380654 0.345304 0.113950 0.006482 0.428886 0.373285 0.006506 0.016900 0.015634 0.018318 -0.015962 -0.009286 0.028047 0.014695 -0.171436 0.158841 0.221444 0.247306 0.261491 0.046763 0.290063 0.196753 0.005458 -0.007640 0.013957 0.014497 0.000507 -0.005173 0.011375 0.006659 0.003741 -0.000036 0.022454 0.017769 -0.015089 0.006445 0.036664 0.031536 0.005448 -0.005259 0.007991 0.008703
-0.000827 -0.000570 0.000895 0.000732 -0.045632 0.008601 0.073391 0.013140 0.052251 -0.002971 0.054989 0.012774 -0.000318 -0.000185 0.000623 0.000955 -0.004443 -0.005483 0.007968 0.005483 -0.376846 0.005045 0.402796 0.035545 0.456593 -0.045096 0.469685 0.086948 0.001137 -0.002572 0.006781 0.014328 -0.006404 -0.017188 0.009140 0.017188 -0.150532 0.147150 0.189552 0.192057 0.192069 0.103164 0.246981 0.120738 0.001078 -0.003573 0.003733 0.004222 -0.003096 0.006250 0.003203 0.006366 0.011082 0.010753 0.012802 0.011155 0.000305 -0.002267 0.009519 0.002790 -0.000522 0.000305 0.000692 0.000832
0.000918 -0.001272 0.001988 0.002388 -0.022345 -0.028371 0.048535 0.038962 0.040639 -0.019993 0.052380 0.020206 0.000578 -0.001959 0.001126 0.002062 -0.006848 -0.016669 0.017572 0.040213 -0.256114 -0.015668 0.382099 0.181861 0.358876 -0.059900 0.413063 0.126975 -0.009009 0.006104 0.020925 0.013411 -0.016386 0.025024 0.023704 0.033431 -0.117097 0.214944 0.194577 0.214944 0.097152 0.086646 0.345701 0.367420 0.003877 -0.013135 0.029051 0.025620 0.006118 -0.008421 0.009446 0.012067 0.013454 -0.016309 0.017486 0.020455 -0.002873 0.013449 0.018518 0.027698 0.000569 0.005415 0.000965 0.006335
0.003076 0.003003 0.003140 0.003762 -0.005870 -0.000044 0.008223 0.015854 -0.023114 0.007586 0.028781 0.028733 0.002292 -0.006721 0.006697 0.008532 0.001060 -0.010391 0.006247 0.016578 -0.267647 -0.181939 0.309119 0.192626 0.279595 -0.140511 0.319650 0.193503 -0.001545 0.030320 0.027252 0.038567 -0.011531 0.002576 0.015259 0.025072 -0.244403 0.134610 0.362714 0.210421 0.309179 0.145028 0.345032 0.151776 0.004912 -0.006417 0.025270 0.013283 -0.000017 -0.001509 0.001460 0.001882 0.001371 -0.009469 0.011151 0.016169 -0.011977 -0.030860 0.018060 0.045430 -0.002714 -0.009765 0.007612 0.016510
0.001862 -0.001630 0.002409 0.004059 0.024737 -0.070087 0.072039 0.071825 -0.021354 -0.029884 0.067313 0.040325 0.000571 0.000268 0.002381 0.001842 0.010271 0.015879 0.014305 0.019467 -0.021426 0.074280 0.437292 0.354551 0.101432 0.022449 0.435892 0.384656 0.000345 0.010046 0.011041 0.018197 -0.013041 -0.011242 0.031125 0.016339 -0.146368 0.141997 0.205869 0.236940 0.225523 0.031619 0.254273 0.196765 -0.001051 -0.002817 0.015170 0.014821 -0.003441 -0.004612 0.011390 0.008470 0.011715 0.000498 0.027216 0.028148 -0.013639 0.009442 0.047472 0.038857 0.001891 -0.003642 0.009297 0.006859
-0.002213 0.000887 0.004340 0.002607 0.004387 -0.022312 0.059077 0.040607 0.001883 -0.028731 0.018878 0.044025 -0.000256 0.000311 0.002334 0.001532 -0.015268 -0.017607 0.041333 0.052765 -0.140487 -0.074495 0.284212 0.304818 0.125245 -0.072052 0.373846 0.232803 0.010144 0.007407 0.030059 0.040822 -0.002651 0.005398 0.042147 0.050744 -0.111438 0.118601 0.258735 0.415237 0.070339 0.125390 0.399601 0.332194 0.011115 -0.005324 0.041389 0.037119 0.004064 -0.004342 0.010365 0.010462 0.001704 0.010045 0.045034 0.043952 -0.006902 0.006054 0.028731 0.012324 0.002391 0.000627 0.004831 0.003766
-0.001828 0.004521 0.007491 0.006791 -0.004225 0.004588 0.016356 0.031271 0.017446 0.011138 0.031282 0.038475 -0.005386 -0.005169 0.007912 0.005431 -0.034977 -0.010656 0.039508 0.051816 -0.022355 -0.141671 0.144843 0.360521 0.227584 -0.099759 0.282046 0.182017 -0.021099 0.017909 0.028863 0.021787 -0.016576 0.009208 0.032863 0.066946 -0.149682 0.164822 0.210621 0.366662 0.287434 0.105767 0.506989 0.228297 0.003864 -0.026305 0.030977 0.034344 0.004919 -0.000269 0.007055 0.004675 0.004361 -0.009355 0.017297 0.022109 -0.009387 0.001392 0.015482 0.013219 -0.005945 0.004153 0.016620 0.004500
-0.004483 0.001255 0.009358 0.002494 -0.011978 0.002545 0.053520 0.012056 0.058118 -0.010184 0.061199 0.011436 -0.002296 -0.003977 0.002834 0.004360 -0.045109 0.004762 0.087549 0.009491 -0.103684 0.013315 0.442357 0.077480 0.374721 -0.037805 0.451360 0.077756 -0.038572 0.033831 0.049655 0.072698 -0.025684 0.033283 0.065669 0.035311 0.002441 0.253752 0.239408 0.318833 0.170496 0.130592 0.191541 0.259371 -0.002798 -0.004413 0.008668 0.010216 -0.001621 -0.001512 0.001905 0.002145 -0.049465 -0.025447 0.049465 0.039175 0.023791 -0.074697 0.043595 0.093297 -0.000708 -0.002390 0.005869 0.005627
-0.000152 -0.000389 0.001981 0.002087 -0.008342 -0.019770 0.034121 0.055788 0.010252 0.011267 0.024620 0.034491 -0.002739 0.001732 0.003097 0.004485 -0.028419 0.007713 0.037127 0.032301 -0.106057 -0.077627 0.348201 0.421716 0.170611 -0.078118 0.324880 0.297439 -0.012633 0.000458 0.034723 0.027428 0.020391 -0.001487 0.027615 0.024824 -0.048844 0.099473 0.397956 0.234575 0.058312 0.111289 0.254911 0.348910 0.000090 0.010015 0.035805 0.054828 0.000040 -0.000677 0.004836 0.005580 0.020278 0.020105 0.046508 0.036743 -0.007417 -0.007695 0.043504 0.037366 -0.000238 0.001151 0.004505 0.004232
0.002135 -0.000389 0.002876 0.002316 0.002533 -0.001116 0.007416 0.011620 -0.006536 0.014006 0.010416 0.018401 -0.005076 -0.001794 0.005377 0.003430 0.009111 -0.048329 0.043679 0.069614 -0.074578 -0.205981 0.359845 0.216661 0.258876 -0.144249 0.306022 0.167195 -0.013163 0.017740 0.022236 0.018209 -0.019484 0.058234 0.024465 0.061428 -0.212247 0.158836 0.391953 0.181893 0.351741 0.068070 0.376857 0.132585 -0.004366 -0.012057 0.014201 0.016875 -0.001173 -0.000585 0.002741 0.001657 0.007676 -0.007125 0.013576 0.012944 0.005729 0.000336 0.018652 0.009069 -0.002204 0.001327 0.002498 0.002181
0.000774 -0.001692 0.001063 0.002373 0.002372 0.011710 0.024672 0.026300 0.016587 0.026803 0.048556 0.048637 -0.001718 0.000078 0.003021 0.001293 -0.009723 0.014297 0.013634 0.023322 -0.099677 -0.095247 0.387279 0.368703 0.239241 0.031147 0.368001 0.167155 -0.014597 -0.002481 0.017819 0.008125 -0.000996 -0.018295 0.016098 0.023285 0.067898 0.028017 0.204785 0.306512 0.104732 -0.019292 0.392138 0.391199 -0.008871 -0.004602 0.017283 0.013017 -0.000558 0.000247 0.001059 0.001158 0.028737 -0.001687 0.029437 0.011043 0.012667 0.008599 0.034255 0.017522 -0.000590 0.000565 0.001983 0.001419
0.001153 0.002066 0.002722 0.002616 -0.002026 0.000254 0.018821 0.017917 -0.027404 0.042089 0.083362 0.104357 -0.000483 -0.003304 0.001963 0.004422 0.011536 -0.009346 0.036823 0.022557 -0.122845 -0.155667 0.207514 0.194798 0.166292 -0.115271 0.272700 0.291657 -0.024692 0.007359 0.028942 0.033512 0.026888 -0.023514 0.057522 0.042600 -0.239155 0.069565 0.358284 0.228857 0.169493 -0.031090 0.534511 0.249875 0.011572 -0.032512 0.086755 0.075956 -0.001638 0.004515 0.005495 0.005097 0.018228 0.002685 0.027948 0.041610 -0.031754 -0.013666 0.068347 0.054117 0.009160 0.006970 0.009182 0.007193
0.000313 -0.006225 0.004201 0.007172 0.000678 -0.044369 0.025947 0.057015 -0.001732 -0.013289 0.009627 0.023373 0.000769 -0.002165 0.002048 0.002560 -0.034045 0.029525 0.047229 0.059761 -0.136280 0.139479 0.283056 0.418052 0.343016 -0.068769 0.401877 0.119309 0.007961 0.015330 0.009470 0.015520 0.020105 -0.005040 0.028776 0.014930 -0.115497 0.227951 0.246831 0.272613 0.157488 0.239288 0.180108 0.264729 -0.002046 -0.007863 0.010660 0.023511 0.005402 0.003052 0.005770 0.003599 -0.006604 -0.012136 0.010251 0.018929 -0.033210 -0.025813 0.050724 0.028146 0.004677 -0.013185 0.007477 0.013945
0.002212 -0.003844 0.003011 0.004732 0.014568 -0.002585 0.019666 0.005599 -0.032043 0.017911 0.039336 0.024017 0.006701 0.002041 0.006869 0.002610 0.047905 -0.014468 0.064513 0.030382 -0.111007 -0.132449 0.451479 0.235196 0.200120 -0.132787 0.270133 0.217275 0.012158 0.001767 0.014443 0.036321 0.076304 0.016139 0.094085 0.052096 -0.265195 0.099341 0.394402 0.147291 0.235665 -0.020671 0.368133 0.214733 0.017991 -0.006662 0.018969 0.018517 0.012299 -0.001201 0.017231 0.002717 -0.009050 -0.001431 0.021210 0.004691 -0.014234 0.009671 0.065810 0.012974 0.000471 0.000851 0.003429 0.003134
0.001177 0.006925 0.001809 0.010088 0.006620 -0.012527 0.014505 0.086553 0.020780 -0.017833 0.041487 0.037183 0.000705 0.003622 0.002659 0.003677 0.003561 -0.023785 0.020752 0.081161 -0.011166 -0.152716 0.084098 0.560152 0.293113 -0.094082 0.315702 0.224870 -0.001873 0.011444 0.011407 0.015883 -0.002269 0.024137 0.012775 0.047096 0.026648 0.242637 0.080532 0.334857 0.252972 0.059859 0.291071 0.218152 -0.016068 -0.041967 0.031811 0.049215 -0.003512 0.000560 0.004512 0.003148 -0.000809 -0.010055 0.012314 0.016050 -0.008419 -0.000386 0.046198 0.036600 -0.001191 0.000478 0.004222 0.004764
-0.000195 -0.001394 0.001080 0.002018 -0.040183 0.001121 0.049690 0.016303 0.059234 -0.000952 0.060103 0.006168 -0.000984 -0.000528 0.001744 0.002368 0.004257 0.001743 0.006388 0.010117 -0.297669 0.019147 0.377527 0.096114 0.376266 -0.054777 0.392953 0.086636 -0.011270 0.002672 0.012963 0.006608 -0.001168 0.007562 0.004230 0.021334 -0.153433 0.194150 0.192942 0.316227 0.134526 0.023305 0.281162 0.367234 -0.007919 -0.010191 0.020324 0.012603 -0.000022 -0.003350 0.000972 0.004617 -0.000628 -0.006453 0.012209 0.018047 -0.037391 0.023854 0.068047 0.030986 0.012487 -0.001402 0.012766 0.003921
0.000262 -0.001060 0.000263 0.001105 -0.001755 -0.000547 0.004791 0.003773 0.007217 -0.006911 0.038066 0.009074 0.000833 0.000988 0.002389 0.001486 0.001449 -0.011632 0.015949 0.072065 0.040786 -0.316220 0.078500 0.348241 0.201712 -0.127077 0.387277 0.179881 -0.010877 -0.012876 0.017031 0.014811 -0.008860 0.031519 0.009617 0.031519 -0.075015 0.354463 0.079022 0.354463 0.161789 0.140174 0.408572 0.184073 -0.042204 -0.036512 0.067507 0.040541 0.000082 -0.000429 0.001506 0.000901 -0.004787 -0.000264 0.007661 0.005347 0.004319 0.002882 0.041282 0.009210 -0.005622 0.009984 0.014649 0.010965
0.002168 0.002587 0.003249 0.003226 -0.001845 -0.005925 0.020164 0.015181 -0.001964 0.009050 0.063623 0.024685 0.002115 0.001186 0.003854 0.001845 -0.046820 -0.033261 0.053181 0.036075 0.057252 -0.356229 0.264075 0.391844 0.241790 -0.139453 0.330014 0.193424 0.009762 -0.009441 0.021616 0.012965 -0.047069 0.012618 0.053611 0.015895 0.026580 0.106076 0.155745 0.155142 0.357370 0.050150 0.435483 0.097151 -0.003721 -0.013313 0.022029 0.022578 -0.001519 0.007448 0.001605 0.007469 -0.021715 0.043503 0.030600 0.069421 0.035694 0.008541 0.045365 0.023734 -0.003277 0.005556 0.005562 0.005575
0.000491 0.000668 0.001610 0.001382 -0.031427 -0.022990 0.031447 0.027256 0.027993 -0.016377 0.029603 0.023622 0.002613 -0.000242 0.002757 0.001126 0.013827 -0.057655 0.017782 0.069515 -0.066656 -0.106885 0.319355 0.279951 0.218104 -0.062537 0.237900 0.286150 0.002971 0.000979 0.004233 0.005747 0.007012 0.075820 0.007275 0.077693 -0.295946 0.017188 0.383899 0.162548 0.383277 0.028788 0.383277 0.132914 -0.013764 -0.009570 0.015289 0.009570 -0.000110 -0.000220 0.000594 0.001197 -0.029704 0.049958 0.029817 0.053989 0.036775 0.035306 0.037213 0.038338 -0.009850 -0.003242 0.009854 0.004540
-0.000438 0.002101 0.002744 0.002731 -0.045502 0.001776 0.050990 0.026172 0.033110 -0.033505 0.049188 0.036217 0.000503 -0.001738 0.001991 0.003218 -0.013310 -0.002451 0.032595 0.019037 -0.257994 -0.061283 0.330766 0.237920 0.186628 -0.006168 0.438348 0.224555 -0.037547 0.010544 0.063831 0.056087 0.041221 -0.027249 0.064291 0.080657 -0.164604 0.113227 0.227809 0.288343 0.119224 0.163943 0.332794 0.315389 0.004632 0.020226 0.024293 0.036144 -0.000729 0.000450 0.001994 0.001299 -0.038741 -0.006477 0.047048 0.076229 0.065255 0.009930 0.076699 0.054590 -0.001749 -0.003970 0.003033 0.006244
-0.000252 -0.000725 0.000401 0.005014 0.001489 0.005494 0.006691 0.021759 0.060630 -0.000045 0.061782 0.008852 -0.005705 0.000568 0.005893 0.001571 -0.001532 0.003987 0.017175 0.014705 -0.101770 -0.063169 0.249945 0.270453 0.382090 -0.047645 0.386985 0.168035 -0.015424 0.000489 0.015424 0.007662 -0.003502 0.005563 0.023678 0.028920 -0.100929 0.142189 0.240953 0.246008 0.399613 0.044426 0.418476 0.127927 -0.018623 -0.001836 0.019036 0.003831 -0.000249 0.002981 0.005125 0.003209 -0.020586 -0.024592 0.044210 0.027465 0.056034 -0.001018 0.056913 0.004245 -0.002423 0.000825 0.002475 0.001368
-0.000818 -0.000552 0.001227 0.000993 -0.000722 -0.001839 0.004015 0.005023 -0.006744 0.010813 0.017587 0.014912 -0.001659 0.017705 0.009399 0.021589 -0.010241 0.009898 0.011039 0.010488 -0.167964 -0.014881 0.214594 0.122324 0.335189 -0.058200 0.337027 0.231143 -0.000937 0.001441 0.009954 0.016713 0.014536 -0.033224 0.020686 0.046574 -0.275997 0.127190 0.356754 0.255899 0.338624 0.151711 0.371745 0.224951 -0.008059 -0.008285 0.010237 0.014214 0.008041 -0.010651 0.008296 0.012220 0.058093 -0.030165 0.058333 0.035697 0.002602 -0.001717 0.006102 0.004656 -0.000075 0.000407 0.000708 0.000733
0.000081 -0.000013 0.001785 0.004862 0.003499 -0.000875 0.008923 0.013467 -0.024166 -0.035383 0.029875 0.040661 -0.003822 -0.010960 0.004381 0.011550 -0.039453 -0.027235 0.040720 0.041285 -0.022599 -0.264713 0.208553 0.324636 0.086168 -0.033583 0.324753 0.312846 0.012701 0.039551 0.017720 0.040386 -0.061891 -0.005878 0.062333 0.017795 -0.092986 -0.020293 0.417849 0.060915 0.384642 0.038473 0.442801 0.052513 0.006797 0.002831 0.013248 0.009587 -0.005284 0.005300 0.005405 0.005413 -0.011689 0.020993 0.048135 0.033882 0.051670 0.014450 0.054770 0.016838 0.001062 0.000075 0.002240 0.001530
-0.004245 -0.002628 0.005354 0.004788 -0.007661 -0.018016 0.054866 0.024006 0.043653 -0.009788 0.046526 0.021267 -0.000401 0.001644 0.001360 0.002404 -0.046615 0.003231 0.047458 0.007521 -0.085491 0.025060 0.421488 0.066381 0.418040 -0.054777 0.422498 0.130390 -0.009460 0.003929 0.011848 0.004725 -0.031251 0.034898 0.038742 0.048361 -0.002697 0.261213 0.217961 0.335704 0.189790 0.131261 0.216860 0.293268 -0.009088 -0.006156 0.013921 0.025366 0.006480 -0.002093 0.007041 0.005028 -0.004937 0.002313 0.010843 0.009308 0.000564 0.022455 0.010004 0.024458 0.001594 0.003324 0.001621 0.003598
0.002112 0.002168 0.006255 0.003243 0.033766 0.012210 0.070616 0.040303 0.001987 -0.000705 0.024261 0.009535 -0.001156 0.000189 0.002531 0.002535 -0.031725 -0.002013 0.071875 0.046973 0.376494 0.041907 0.518489 0.172399 -0.081338 -0.019159 0.102192 0.055616 -0.008651 0.000974 0.029962 0.010701 -0.003846 -0.014139 0.044309 0.043931 0.078763 -0.093833 0.355313 0.427282 0.208146 -0.105878 0.282204 0.207837 -0.031114 -0.011221 0.051259 0.015088 0.002951 -0.001930 0.003275 0.002274 0.000748 0.046790 0.042837 0.060454 0.020373 0.013669 0.033749 0.023018 -0.002936 0.002371 0.006566 0.002745
0.004663 0.003529 0.020147 0.011850 0.003959 -0.018257 0.015715 0.023260 -0.009271 -0.035526 0.026102 0.039113 -0.002241 -0.008593 0.003158 0.014705 0.002897 0.002749 0.026128 0.025336 -0.090427 -0.104858 0.266247 0.220524 0.027371 -0.047189 0.380372 0.324120 -0.042622 0.000840 0.084612 0.049927 -0.007024 0.008147 0.019296 0.025335 -0.133177 0.078224 0.340947 0.223820 0.094578 0.020134 0.566320 0.230085 -0.032511 0.001187 0.064143 0.082934 -0.002163 -0.003693 0.004251 0.003921 -0.017760 -0.002510 0.023030 0.020258 0.006816 0.006081 0.019723 0.044888 -0.000324 -0.001369 0.001924 0.003633
-0.001367 -0.000322 0.001557 0.001316 0.004309 -0.009841 0.048422 0.034056 -0.006597 -0.004632 0.083191 0.014259 0.000798 -0.000197 0.002546 0.002274 -0.020935 -0.006855 0.034895 0.037279 -0.050948 -0.092720 0.229982 0.226554 0.097966 -0.020935 0.632673 0.120580 0.001218 0.010123 0.027720 0.021060 0.036645 0.000046 0.074366 0.062951 -0.177709 0.135382 0.233804 0.241462 0.112779 0.098880 0.321371 0.355624 -0.011439 -0.054977 0.044133 0.062736 -0.001774 -0.000784 0.002002 0.001166 0.021800 -0.014692 0.040140 0.032047 -0.043081 -0.009813 0.055553 0.031579 0.005148 0.002816 0.006912 0.007195
-0.000119 -0.001316 0.001368 0.001321 -0.000113 -0.033981 0.037115 0.036753 0.019064 -0.024907 0.027848 0.026360 0.001490 -0.002200 0.002950 0.002374 -0.003399 0.002765 0.010180 0.004133 -0.252092 0.008927 0.349879 0.150222 0.362042 -0.075990 0.372862 0.088216 0.001082 -0.004376 0.005874 0.004855 0.005481 -0.006460 0.012301 0.012949 -0.289093 0.050606 0.289093 0.254086 0.315002 0.011028 0.319601 0.244446 -0.000595 -0.000864 0.006352 0.002971 0.002825 0.000369 0.003095 0.000506 -0.030681 0.000213 0.030826 0.003417 0.039391 0.008961 0.039391 0.009224 -0.000245 0.000550 0.001010 0.000580
0.002605 -0.004976 0.003607 0.013015 0.041260 -0.006594 0.043659 0.019175 0.002922 -0.000982 0.006740 0.010051 0.000030 0.001782 0.002139 0.002104 0.000440 0.047332 0.009058 0.049421 -0.229289 -0.132222 0.288855 0.209238 0.292798 -0.174372 0.292798 0.204593 0.000134 -0.002107 0.013569 0.004338 -0.006491 0.011692 0.007404 0.013539 -0.301248 0.184774 0.303465 0.191611 0.330695 0.177591 0.335369 0.190065 -0.010088 -0.005594 0.015223 0.009416 -0.001109 0.002610 0.001127 0.002611 -0.010784 0.035338 0.011677 0.035338 0.001327 0.033895 0.013851 0.035234 0.001861 0.007082 0.006099 0.011062
0.008200 0.008879 0.009176 0.012257 -0.001904 0.021954 0.015177 0.024278 -0.022848 -0.001972 0.033154 0.044255 0.005196 -0.007456 0.006317 0.010345 0.006472 -0.007580 0.012493 0.018087 -0.268959 -0.207081 0.292365 0.221013 0.262596 -0.084101 0.367611 0.226220 0.005770 0.024969 0.030651 0.048984 -0.007889 0.003407 0.011539 0.017531 -0.199905 0.136462 0.353187 0.217640 0.266912 0.111060 0.329002 0.166384 -0.013493 -0.036539 0.038570 0.050968 0.002031 -0.003482 0.007521 0.006886 -0.005568 -0.026186 0.012110 0.035804 -0.031149 -0.058268 0.046395 0.111109 0.011805 0.012280 0.011848 0.012728
-0.002293 -0.012657 0.003006 0.013302 -0.009740 -0.010826 0.022857 0.062724 0.056066 -0.008182 0.058943 0.009049 -0.000899 -0.000126 0.001703 0.000822 0.019829 0.029082 0.020447 0.041613 -0.261387 0.030945 0.313924 0.125672 0.377771 -0.011344 0.408938 0.185415 -0.006351 0.023872 0.014357 0.035219 0.019524 -0.005159 0.019575 0.018795 -0.192803 0.150102 0.248474 0.299506 0.204277 -0.026530 0.277807 0.303658 0.012225 -0.037405 0.016728 0.039138 0.005017 -0.008981 0.007364 0.016056 -0.040184 -0.067085 0.073492 0.089359 0.048433 -0.027169 0.049227 0.042178 -0.000655 0.000285 0.003521 0.002388
0.004328 0.006865 0.007163 0.007764 0.000108 0.004377 0.009911 0.008185 -0.021637 0.021382 0.024829 0.025977 0.004767 0.007717 0.004832 0.008300 -0.004499 -0.004058 0.008516 0.008772 -0.150463 -0.142285 0.158353 0.151026 0.138077 -0.161344 0.180286 0.187594 0.001682 0.006249 0.005502 0.006583 0.000297 0.000680 0.006924 0.019412 -0.423961 -0.003435 0.438794 0.072265 0.440621 0.072822 0.441108 0.072822 -0.002130 -0.000686 0.010306 0.007213 0.001436 0.000351 0.001644 0.001895 -0.056987 -0.005637 0.059590 0.009386 0.065186 -0.007939 0.066828 0.015427 -0.001414 -0.000847 0.001414 0.001177
0.001569 0.000361 0.001888 0.001315 -0.032681 -0.008760 0.037265 0.029021 0.025461 0.025182 0.042724 0.044369 -0.002647 -0.010637 0.005830 0.011030 -0.024655 -0.028120 0.025019 0.032918 -0.044044 -0.296161 0.169605 0.483167 0.153188 -0.214435 0.225639 0.274609 -0.009847 0.031715 0.028029 0.042964 -0.050879 -0.005728 0.053982 0.019422 -0.068798 0.033694 0.086774 0.116301 0.394722 0.110594 0.414050 0.227371 -0.009228 0.003519 0.011467 0.016165 -0.001215 0.005680 0.003925 0.005836 -0.007296 0.050909 0.014430 0.055340 0.040066 0.014978 0.049437 0.044500 0.000100 0.000198 0.002034 0.005115
0.003414 0.000805 0.008765 0.006246 -0.022915 0.003030 0.048988 0.011842 0.004808 0.007800 0.025716 0.017781 -0.001608 0.000142 0.004487 0.004121 -0.021506 -0.013236 0.039909 0.028260 0.268858 0.059069 0.464235 0.176132 -0.113569 0.290908 0.354654 0.308555 -0.030652 0.002682 0.082362 0.019709 0.011591 -0.009337 0.038831 0.030807 0.152735 -0.056120 0.339026 0.162081 0.111913 -0.130976 0.273597 0.220239 -0.030852 0.010172 0.071530 0.030306 -0.001346 0.001986 0.003439 0.003364 0.025290 0.025096 0.061704 0.059899 0.010891 0.011124 0.045946 0.045719 -0.000900 0.002311 0.007030 0.006320
-0.003190 -0.002486 0.003470 0.003553 -0.037623 -0.026672 0.039582 0.037418 0.038678 -0.024694 0.043952 0.033740 -0.001225 0.003046 0.002928 0.003478 -0.012484 0.000798 0.052981 0.030338 -0.281575 -0.170226 0.287234 0.205786 0.359280 -0.128281 0.419047 0.230707 0.006149 -0.002958 0.008112 0.007227 0.003394 -0.048985 0.028400 0.049225 -0.041196 0.160789 0.272365 0.336286 0.148379 0.166097 0.222371 0.229587 0.021706 -0.015115 0.022588 0.016443 0.000403 0.005865 0.005736 0.007800 0.012684 0.026662 0.036945 0.037219 -0.008024 -0.005115 0.021476 0.010933 0.001354 -0.000452 0.001448 0.000980
-0.007164 0.002025 0.007309 0.003926 0.032287 -0.015379 0.046681 0.024453 -0.016583 0.029495 0.027088 0.040303 0.005846 0.003796 0.006109 0.004683 -0.040907 0.020624 0.040907 0.021391 0.202917 0.206746 0.358418 0.317277 -0.017875 0.012948 0.069775 0.071620 -0.018141 -0.012469 0.032441 0.017911 -0.005367 0.004755 0.005694 0.004944 0.080625 -0.159738 0.570483 0.465147 -0.091803 -0.137557 0.132535 0.197985 0.011484 0.005430 0.027946 0.017405 -0.000416 -0.000850 0.000710 0.001446 -0.014985 0.008930 0.023129 0.029363 0.004156 0.020117 0.016758 0.029542 -0.000911 0.001049 0.002259 0.002263
-0.003296 0.001697 0.003890 0.006482 0.019829 0.015674 0.055350 0.057432 0.019527 0.010505 0.055888 0.018990 0.005006 0.003659 0.005245 0.005063 -0.019604 0.029851 0.071513 0.045585 0.327746 0.007822 0.579234 0.222299 -0.064581 0.002260 0.129569 0.044519 -0.024327 -0.006184 0.051007 0.018365 -0.019122 -0.047673 0.055877 0.052720 0.129332 -0.011155 0.395940 0.353271 0.157886 -0.088266 0.271823 0.172932 -0.033674 -0.013146 0.100225 0.024551 0.000968 -0.000067 0.001289 0.000873 0.022883 0.026713 0.047626 0.040654 -0.001569 0.004762 0.022450 0.016801 0.001511 0.005083 0.003777 0.005414
-0.001240 -0.008998 0.003189 0.010099 -0.008846 -0.036685 0.041349 0.041594 0.031198 -0.006869 0.045314 0.016668 0.001912 0.000258 0.002941 0.001057 -0.043796 0.002750 0.050123 0.016330 -0.075491 0.000325 0.401641 0.067348 0.358606 -0.077513 0.392379 0.097863 0.013160 0.001216 0.018163 0.005025 -0.040156 0.029263 0.042765 0.032157 -0.081467 0.182710 0.323312 0.271733 0.294864 -0.030180 0.331347 0.271802 -0.010976 -0.000034 0.016985 0.009409 0.000928 -0.000615 0.001262 0.000915 -0.065574 -0.028864 0.069824 0.041243 0.062125 0.022790 0.063868 0.026798 -0.002527 -0.001173 0.002557 0.001205
-0.003891 -0.002350 0.004401 0.003830 0.001771 0.005488 0.025013 0.032979 0.003881 0.018268 0.020838 0.033630 0.000902 0.001910 0.001901 0.005031 -0.028997 0.017155 0.031149 0.019422 0.060914 0.019208 0.457784 0.274473 0.051753 -0.004699 0.254429 0.330442 -0.008023 0.002814 0.031519 0.021047 0.001205 0.002430 0.002014 0.003722 -0.074727 0.083720 0.446924 0.421222 0.004370 0.034884 0.241790 0.227205 -0.014977 -0.003261 0.049572 0.042873 -0.002362 -0.006135 0.004195 0.013015 0.007861 -0.027237 0.038070 0.087113 -0.002696 -0.022354 0.069821 0.074452 -0.000519 -0.000280 0.001903 0.003569
-0.007297 -0.003730 0.008009 0.004327 0.043651 0.012179 0.082207 0.070757 -0.000228 -0.000636 0.016178 0.011440 0.002907 -0.000366 0.003106 0.001420 -0.072891 -0.011624 0.074094 0.035530 0.049687 -0.165297 0.352991 0.380453 0.165565 -0.162672 0.189210 0.195785 0.010857 -0.011651 0.012026 0.018406 -0.083988 -0.002316 0.087158 0.004163 -0.065373 0.019963 0.404393 0.055148 0.387191 0.071437 0.416359 0.133306 -0.001861 0.009116 0.007951 0.010102 -0.005278 0.003756 0.008523 0.007313 -0.009576 0.055328 0.033711 0.059887 0.037970 0.023346 0.043697 0.035667 0.000004 0.000586 0.001039 0.002284
-0.000460 0.000558 0.000488 0.000657 -0.050623 -0.006661 0.052934 0.014561 0.039199 0.016395 0.084460 0.024547 0.001240 0.000400 0.007981 0.008985 -0.006654 0.000708 0.006876 0.004385 -0.125228 -0.004179 0.365756 0.456273 0.188572 0.078028 0.261139 0.147311 -0.020007 0.034169 0.039660 0.034169 -0.015226 -0.004733 0.017257 0.010896 0.042792 0.105449 0.572310 0.239160 0.050692 -0.166964 0.112036 0.186612 -0.027384 -0.029329 0.065035 0.049753 0.012276 -0.007757 0.012828 0.016428 -0.012155 0.010645 0.026139 0.032044 0.004017 0.041233 0.014783 0.044591 -0.000628 0.002441 0.002040 0.004504
-0.000508 -0.001261 0.001079 0.003067 -0.013648 -0.067152 0.015470 0.073358 -0.031835 -0.017898 0.040860 0.082076 0.003351 0.009572 0.006249 0.013803 -0.021772 -0.000402 0.028603 0.054038 -0.048856 -0.023876 0.142492 0.252535 0.341919 -0.003051 0.358267 0.227830 0.001760 0.001102 0.007014 0.019372 -0.041146 0.024278 0.041146 0.039846 0.018521 0.255877 0.125755 0.502994 0.215966 0.161217 0.229781 0.300239 -0.010291 0.007106 0.019117 0.008513 0.000563 -0.000037 0.001228 0.000423 -0.072813 -0.020747 0.072937 0.059371 0.061935 -0.063019 0.067590 0.086103 -0.001407 0.001176 0.001712 0.001588
-0.002557 0.003474 0.010666 0.013551 0.007666 0.083841 0.051918 0.213845 0.020956 0.052291 0.032242 0.123510 0.001642 0.001935 0.004758 0.007366 -0.010001 -0.005602 0.022976 0.033901 -0.136548 -0.142017 0.233952 0.227594 0.224272 -0.080602 0.276200 0.195303 -0.113083 -0.020044 0.192167 0.092551 0.003391 0.005389 0.025259 0.039141 -0.192423 -0.022597 0.274795 0.367455 0.320688 0.050839 0.328681 0.179857 -0.044299 0.043785 0.054278 0.063773 0.000428 0.001279 0.002583 0.005393 -0.080251 0.043048 0.096237 0.047718 0.098702 0.015469 0.098788 0.030727 -0.002826 0.000773 0.002898 0.002136
0.001937 0.000197 0.002084 0.000871 -0.038726 -0.016170 0.063442 0.024007 0.033400 0.002741 0.043254 0.015351 0.001317 0.000602 0.002099 0.001200 0.002843 -0.000428 0.005329 0.003983 -0.385571 -0.023489 0.456418 0.037945 0.419317 -0.029442 0.452160 0.059400 -0.004792 -0.010241 0.008461 0.014396 -0.000259 -0.006205 0.007283 0.008589 -0.169306 0.177631 0.192996 0.185948 0.188222 0.059270 0.242185 0.124619 -0.005894 0.006179 0.011613 0.012861 0.000840 0.000836 0.001292 0.001309 -0.003467 -0.009540 0.008378 0.014777 -0.000294 -0.002928 0.007988 0.010533 0.000940 0.000199 0.001320 0.001019
0.000021 0.000012 0.000226 0.003124 -0.000853 0.002927 0.002360 0.017718 0.001719 0.005921 0.003624 0.013678 0.000310 -0.000040 0.000674 0.001482 0.008123 -0.023608 0.008123 0.024789 0.235015 0.005132 0.288364 0.234002 0.034548 0.018519 0.347493 0.238011 -0.018603 0.009814 0.056492 0.027361 0.004231 -0.001030 0.009948 0.003674 0.336175 0.017292 0.464611 0.116826 -0.135662 -0.017314 0.450251 0.200526 -0.002846 -0.001859 0.042035 0.022970 0.005280 0.001467 0.005415 0.001675 0.024014 -0.007643 0.076994 0.032191 -0.017583 -0.030303 0.063518 0.040446 0.000139 -0.006740 0.008569 0.006821
0.000860 0.001197 0.001573 0.003209 -0.005398 -0.006092 0.008580 0.006718 -0.012055 0.000344 0.012055 0.005789 -0.002733 0.005316 0.004979 0.005950 -0.046680 -0.007945 0.046680 0.012679 -0.044953 -0.378943 0.128560 0.402760 0.201430 -0.134633 0.222085 0.225132 -0.009939 0.003580 0.014073 0.014939 -0.091120 -0.013183 0.091390 0.017197 -0.063938 -0.006788 0.131681 0.123781 0.438212 0.068693 0.489741 0.083086 -0.013547 -0.006320 0.026998 0.015297 -0.012276 0.000329 0.012276 0.003123 -0.009557 0.017346 0.026199 0.034553 0.064396 0.008306 0.075296 0.008981 -0.001661 -0.001219 0.004669 0.003916
-0.008783 0.007328 0.011693 0.018058 0.023382 0.072536 0.041923 0.145918 0.019738 0.046105 0.031997 0.078378 -0.000467 0.002360 0.003004 0.003812 -0.020796 -0.011221 0.030698 0.031755 -0.162999 -0.155274 0.273396 0.223432 0.275216 -0.103961 0.290352 0.196932 -0.115921 0.013704 0.159416 0.090379 0.007901 0.009853 0.029980 0.036936 -0.205682 0.007689 0.226080 0.351886 0.320386 0.042229 0.323973 0.200517 -0.022104 0.013545 0.025135 0.036832 0.000144 0.001757 0.002139 0.004075 -0.101887 0.031423 0.108114 0.042435 0.116935 0.000839 0.118129 0.040402 -0.000573 0.002302 0.001227 0.002517
-0.000819 0.000847 0.002498 0.002235 0.000746 0.007916 0.012882 0.019316 0.005214 0.007983 0.018693 0.040577 0.000495 0.001434 0.001364 0.001831 -0.009176 0.009705 0.020539 0.053943 0.171071 -0.029839 0.344619 0.346103 -0.133891 -0.050230 0.336817 0.136056 0.016225 -0.002358 0.019262 0.016191 -0.002647 -0.013388 0.006721 0.018992 0.060509 0.056239 0.404842 0.478491 0.023458 0.119386 0.186362 0.344368 0.011167 0.001515 0.027774 0.021707 0.000337 0.006619 0.004082 0.010921 0.015560 -0.001346 0.017138 0.021898 0.005000 0.000168 0.013080 0.023436 -0.001752 0.004022 0.005035 0.004530
-0.000826 -0.002010 0.002251 0.004609 0.001482 -0.054660 0.019065 0.059572 -0.024828 0.030525 0.042533 0.057778 0.005584 0.006023 0.005843 0.009741 0.013906 0.002651 0.029263 0.019196 -0.359517 -0.044307 0.371914 0.185696 0.336175 -0.108028 0.366034 0.172952 -0.000195 0.000107 0.005101 0.008361 -0.009835 0.001811 0.030726 0.019182 -0.170428 0.071149 0.215856 0.266374 0.141602 -0.052438 0.266187 0.343889 -0.042903 -0.062856 0.049786 0.067969 -0.002070 0.000857 0.005300 0.001464 -0.057441 -0.024463 0.060244 0.054160 0.008259 -0.014885 0.031017 0.043783 -0.001909 0.014184 0.010603 0.014185
-0.000387 0.002495 0.001079 0.003805 -0.009081 0.030175 0.009518 0.030175 0.005155 0.014094 0.012722 0.015973 -0.000605 0.002655 0.000959 0.003058 0.002864 -0.059359 0.009602 0.059640 0.124941 -0.386066 0.209060 0.402733 0.202493 -0.179739 0.203968 0.236980 -0.003499 -0.001492 0.005440 0.010007 0.008201 0.024608 0.026491 0.026898 -0.002527 0.060228 0.188682 0.149080 0.425730 0.069971 0.429176 0.076826 -0.012897 -0.002212 0.014679 0.007525 0.008373 0.001186 0.013395 0.002391 -0.006392 -0.000061 0.056196 0.016035 0.044336 0.013035 0.045870 0.013221 -0.001582 -0.000162 0.001585 0.001103
-0.000073 0.000474 0.000298 0.000774 -0.012801 0.000269 0.014920 0.011098 -0.027781 -0.059845 0.046151 0.060220 0.003929 -0.006905 0.004754 0.007752 0.003749 -0.039330 0.012753 0.043661 -0.072146 -0.328685 0.190841 0.331929 0.071237 0.168553 0.332348 0.356467 0.050683 0.006461 0.053178 0.037379 -0.018290 0.033404 0.030930 0.042244 -0.066194 0.091929 0.136747 0.125255 0.268495 -0.110773 0.519266 0.166061 -0.007761 -0.022310 0.015890 0.022454 0.006128 -0.000760 0.006162 0.004075 -0.048723 0.030568 0.078086 0.057349 -0.003098 0.005829 0.016440 0.022777 -0.000260 -0.000814 0.000924 0.001031
-0.005812 -0.002203 0.006839 0.003015 0.009208 -0.032160 0.056954 0.033581 0.026739 -0.010326 0.030671 0.018658 -0.000022 -0.000166 0.002135 0.001132 -0.013937 0.028883 0.021417 0.035222 0.065559 0.139697 0.448136 0.234814 0.166456 0.133707 0.186380 0.144235 -0.011421 -0.002011 0.025450 0.007955 0.006807 -0.007297 0.009689 0.010565 0.186764 -0.052366 0.719606 0.160511 -0.024608 -0.016212 0.101203 0.055413 -0.030127 -0.012376 0.034033 0.013730 0.000813 0.000581 0.001435 0.000914 -0.017995 0.003185 0.077879 0.019638 0.032208 -0.006587 0.040072 0.012166 -0.005362 0.000070 0.007275 0.001912
0.003556 0.002709 0.006820 0.004603 -0.003572 -0.003460 0.015378 0.018719 -0.000330 0.022464 0.059355 0.067315 -0.000858 -0.001968 0.002419 0.005086 -0.007963 0.017284 0.017274 0.099128 0.197792 -0.001885 0.339857 0.453023 -0.051538 -0.097808 0.194720 0.173408 0.003457 0.000837 0.029974 0.030882 -0.003740 -0.007676 0.006971 0.011129 0.123040 0.020638 0.554714 0.280590 -0.035634 0.132575 0.263873 0.210890 0.008956 0.012906 0.018271 0.019617 0.001594 -0.001196 0.002672 0.002538 0.002601 -0.004224 0.010793 0.012518 0.000247 -0.016582 0.021477 0.030892 -0.000803 -0.006135 0.004187 0.007818
-0.008560 0.000026 0.009371 0.000830 -0.005001 0.008226 0.025889 0.016152 0.060910 0.001473 0.070662 0.006976 0.000361 -0.000413 0.000361 0.000413 -0.056198 -0.001907 0.065146 0.005506 -0.019436 -0.069064 0.245896 0.239843 0.370516 -0.062364 0.431785 0.153519 0.001194 -0.003119 0.001194 0.007918 -0.058699 -0.000691 0.063953 0.006909 -0.094946 0.026186 0.133540 0.150363 0.456326 0.059199 0.456326 0.128510 0.006862 0.005233 0.006862 0.010199 -0.006983 0.000692 0.007548 0.001636 -0.003831 0.062666 0.015034 0.063855 0.044102 0.024940 0.044422 0.029888 0.000749 -0.000647 0.000791 0.002504
0.001893 -0.004949 0.002248 0.005049 0.036448 -0.063956 0.037160 0.065354 0.002435 -0.000526 0.009363 0.012411 0.001830 0.001298 0.002585 0.002331 -0.000908 0.002300 0.006932 0.006906 0.199043 0.004545 0.219575 0.150235 0.310028 -0.100209 0.314820 0.225073 -0.009010 -0.003291 0.013647 0.010165 0.021710 0.008416 0.022779 0.011757 0.119388 0.307256 0.281914 0.472543 0.207015 0.165554 0.263713 0.250799 -0.005851 0.004833 0.011825 0.012620 0.000989 0.009378 0.005626 0.011173 0.028065 0.031043 0.034825 0.033034 -0.004747 0.009365 0.032597 0.024241 -0.002269 -0.000817 0.002315 0.001582
-0.013244 0.003380 0.013488 0.003493 0.021629 -0.037199 0.037607 0.055852 0.050322 -0.018213 0.050484 0.019999 -0.000037 0.000327 0.000114 0.001195 -0.066884 0.013882 0.073034 0.016401 -0.052623 0.020231 0.134506 0.110497 0.482160 -0.091767 0.482160 0.122771 0.005417 0.007232 0.005417 0.007603 -0.017973 0.003145 0.028452 0.008527 -0.036114 0.327704 0.191419 0.336095 0.258616 0.142567 0.264615 0.190237 -0.006701 -0.019709 0.012425 0.034120 -0.000432 -0.002741 0.001642 0.002920 0.008661 -0.002739 0.010201 0.007208 0.004925 0.004223 0.005182 0.005586 0.001739 0.001578 0.001780 0.001792
-0.000117 0.002335 0.007828 0.002877 -0.018997 -0.001533 0.061834 0.008723 0.001964 -0.000690 0.043020 0.007121 0.004029 0.000340 0.008062 0.000838 0.007014 -0.017450 0.057292 0.032775 0.000282 0.105683 0.450674 0.257388 0.020418 0.160097 0.327957 0.228669 -0.022406 0.014954 0.071547 0.028757 -0.008442 0.002031 0.039642 0.016578 0.246206 0.001563 0.389125 0.248988 -0.099351 0.020525 0.424727 0.177827 -0.065161 -0.009759 0.072160 0.023381 -0.002593 0.003624 0.005587 0.004568 0.023601 -0.017091 0.034473 0.040160 -0.016530 -0.004104 0.056009 0.017516 -0.001554 0.003097 0.002283 0.006708
0.006900 -0.004326 0.006905 0.005384 -0.044891 0.053259 0.082419 0.132195 0.051805 -0.001494 0.062354 0.043199 0.002426 0.000378 0.003246 0.003051 0.028438 0.016591 0.029249 0.025603 -0.189691 -0.065535 0.201856 0.219832 0.173423 -0.029827 0.253235 0.169651 -0.056602 -0.003090 0.103447 0.057431 0.083435 -0.027993 0.085821 0.097780 -0.078452 -0.159885 0.408759 0.452082 0.104887 0.068856 0.342478 0.256931 0.044512 0.017955 0.072031 0.091710 0.000400 0.003172 0.001145 0.003207 0.016247 0.127170 0.040019 0.127170 -0.021062 -0.021500 0.075545 0.074416 -0.001691 0.002485 0.004211 0.005381
0.001033 -0.000816 0.001115 0.001435 -0.027427 -0.054615 0.032792 0.056483 0.053587 -0.010296 0.057246 0.011421 -0.000292 -0.000114 0.001669 0.000419 0.015817 0.016074 0.022130 0.060516 -0.217694 0.100064 0.304953 0.222926 0.359717 -0.042963 0.394442 0.143141 -0.001095 0.013150 0.014943 0.023514 0.009887 -0.012780 0.011811 0.021076 -0.172076 0.055379 0.282041 0.321658 0.217980 -0.012782 0.285296 0.315712 0.009311 -0.022967 0.019808 0.040485 0.001770 -0.004361 0.003596 0.017261 -0.037562 -0.024732 0.091597 0.072307 0.057605 -0.014531 0.059072 0.039839 -0.003971 -0.002537 0.006646 0.003665
0.004516 -0.001030 0.010215 0.004762 -0.031498 -0.008691 0.038008 0.011263 0.042323 -0.003700 0.054842 0.013342 -0.000366 -0.000340 0.000372 0.000556 0.040391 -0.015487 0.121757 0.046449 -0.112237 -0.050026 0.386357 0.094046 0.250205 0.008052 0.361527 0.109569 0.007183 -0.002571 0.008138 0.007775 -0.090116 0.027350 0.093205 0.033831 0.214409 0.071450 0.446847 0.314828 0.116694 0.087004 0.285285 0.348073 -0.000948 -0.002417 0.014071 0.028733 -0.000084 -0.000365 0.000879 0.000371 0.002490 0.000530 0.002490 0.002864 -0.013143 -0.005303 0.021279 0.016989 0.010946 -0.003333 0.011923 0.005395
-0.000111 0.000195 0.000241 0.000329 0.034312 0.014131 0.046195 0.028816 -0.004633 0.000420 0.019709 0.028381 -0.004458 -0.005533 0.004899 0.006241 0.001663 0.002327 0.006600 0.005105 -0.049533 -0.219816 0.214359 0.267057 0.212668 -0.208586 0.215756 0.213014 -0.082924 0.012022 0.087470 0.053158 0.010450 0.007478 0.016521 0.010879 -0.195645 -0.223531 0.327178 0.256568 0.395758 0.071559 0.408241 0.134465 -0.000965 0.009812 0.014585 0.024568 -0.002716 -0.000095 0.003487 0.001441 0.017389 0.028986 0.104207 0.048114 0.045874 0.001882 0.046874 0.017957 0.000824 -0.000882 0.002003 0.002614
0.001150 -0.004241 0.002613 0.005583 -0.016044 0.033443 0.018175 0.038890 0.005481 0.026982 0.026207 0.030839 -0.000138 -0.000187 0.000690 0.001248 -0.015524 -0.020976 0.032236 0.037533 0.199049 -0.349111 0.251414 0.356778 0.219214 -0.121123 0.240993 0.229477 -0.008707 0.006146 0.009812 0.014238 -0.029358 0.021141 0.069078 0.043714 0.040770 0.172783 0.334625 0.243603 0.314935 0.121208 0.330490 0.128112 -0.043996 -0.017639 0.048938 0.040735 0.005424 0.002072 0.012602 0.003849 0.036009 0.013092 0.074850 0.028459 -0.001325 -0.006546 0.017699 0.015181 -0.000992 0.000479 0.002501 0.001620
0.007563 -0.003147 0.007567 0.004054 -0.052705 0.077600 0.081639 0.143908 0.057938 0.005144 0.071863 0.045216 0.001872 0.000059 0.002659 0.002324 0.024253 0.014216 0.025301 0.024217 -0.197045 -0.093854 0.211294 0.197335 0.177519 -0.044900 0.253763 0.169727 -0.053071 0.001712 0.090411 0.053423 0.078033 -0.029971 0.081211 0.089450 -0.079536 -0.184950 0.400110 0.434524 0.113767 0.075378 0.348895 0.245987 0.038483 0.009567 0.063538 0.097199 -0.000458 0.004407 0.001740 0.004407 0.022134 0.137645 0.051710 0.137645 -0.021018 -0.011784 0.065201 0.079612 -0.000077 0.002493 0.004495 0.005300
0.000438 0.003441 0.006118 0.006032 0.017833 -0.014266 0.028021 0.019976 -0.007780 0.017652 0.031862 0.036310 -0.004039 0.006800 0.010366 0.011440 0.073554 -0.022155 0.077252 0.041907 -0.175577 -0.020477 0.231560 0.225873 0.251798 -0.110999 0.331832 0.244214 -0.030517 0.018920 0.033040 0.025472 0.053770 0.045972 0.061700 0.055096 -0.020121 0.069356 0.282153 0.540854 0.149052 0.144712 0.215620 0.257896 -0.038424 -0.013761 0.042963 0.054232 0.001981 -0.001660 0.002679 0.002130 -0.065600 -0.044566 0.090460 0.119197 0.058593 -0.046673 0.080581 0.067540 0.001832 0.000786 0.002291 0.001481
-0.000821 -0.004271 0.006347 0.005296 0.013288 0.004497 0.040765 0.025829 0.003532 0.035921 0.068126 0.036188 0.003609 0.002017 0.009578 0.003664 0.017398 -0.000414 0.032786 0.020266 0.085616 0.009055 0.256583 0.140329 0.188263 -0.074838 0.288365 0.242741 -0.046415 -0.013130 0.072181 0.023752 -0.030103 -0.000968 0.039762 0.023361 0.079124 0.193318 0.532059 0.442414 0.174092 0.044231 0.325666 0.156259 -0.050970 0.028895 0.064398 0.033347 -0.000304 0.002080 0.002399 0.003879 0.019573 -0.014853 0.038192 0.042360 0.007093 0.000272 0.054640 0.013400 -0.001195 -0.002014 0.006065 0.002734
0.000932 -0.000901 0.001144 0.000988 -0.033712 0.046260 0.035153 0.054519 0.025231 0.010201 0.049899 0.057570 -0.005611 -0.014701 0.008057 0.016647 -0.040876 -0.020603 0.046379 0.022055 -0.019376 -0.372847 0.173497 0.390019 0.034621 -0.140918 0.298097 0.335023 0.026263 0.045732 0.030766 0.064167 -0.076242 -0.023061 0.097999 0.029952 -0.010091 -0.046171 0.293127 0.100873 0.357315 0.074185 0.398400 0.100907 0.002941 -0.000683 0.007230 0.003364 -0.005743 0.008480 0.005883 0.008857 -0.006195 0.041578 0.046172 0.050192 0.042124 0.007725 0.054483 0.015888 0.000909 -0.000758 0.001988 0.002076
-0.009621 -0.001594 0.010590 0.001594 -0.019638 -0.007316 0.023407 0.026054 -0.001396 -0.014856 0.006459 0.014856 0.004234 -0.004171 0.005729 0.004520 -0.043352 0.006104 0.053633 0.015914 0.053016 0.139080 0.283937 0.163676 -0.020913 0.269619 0.284730 0.297639 -0.008881 0.031690 0.057516 0.037395 -0.032956 -0.000008 0.060226 0.014661 0.269950 -0.036567 0.454877 0.102173 -0.199651 0.003979 0.504104 0.070314 -0.002659 0.000632 0.080113 0.010946 -0.004438 0.000013 0.007170 0.000941 0.028329 0.003585 0.060954 0.012119 -0.022754 0.006527 0.082526 0.009880 0.002920 0.000127 0.012402 0.000835
-0.000554 0.000021 0.001494 0.001815 -0.049466 -0.019228 0.062816 0.029351 0.058209 0.020847 0.058251 0.029168 0.000007 0.001387 0.001015 0.001434 0.005109 -0.002833 0.015050 0.009105 0.138526 0.052638 0.679368 0.240536 0.078115 0.056557 0.089350 0.065311 -0.006252 -0.004714 0.009878 0.006717 -0.054143 -0.025172 0.058326 0.028122 0.286693 -0.030727 0.481664 0.267887 0.049386 -0.071322 0.082073 0.085261 -0.018827 -0.016131 0.020739 0.017807 -0.004918 -0.000324 0.008898 0.005068 0.026796 0.022674 0.030855 0.026879 -0.003467 -0.004521 0.007013 0.010137 -0.004905 0.000057 0.005243 0.004257
-0.005187 -0.004437 0.005785 0.008797 -0.019952 -0.073586 0.035968 0.076022 0.044211 -0.080941 0.053159 0.089128 -0.007567 0.006167 0.009180 0.008873 -0.061749 0.010984 0.064136 0.022391 0.143581 0.203699 0.278104 0.303915 0.105779 0.393570 0.312066 0.411831 -0.007092 -0.001191 0.016354 0.013355 -0.064421 0.003651 0.066931 0.010637 0.326190 -0.005845 0.399696 0.072727 -0.009813 -0.003545 0.060149 0.057672 0.006828 -0.000571 0.012523 0.011476 -0.006697 0.001136 0.007832 0.001324 0.041227 -0.000553 0.061375 0.012999 -0.002728 0.000180 0.009853 0.002926 0.000790 -0.000465 0.000826 0.000978
-0.002817 0.000766 0.003339 0.002135 0.033598 -0.048598 0.083220 0.053535 -0.005138 -0.010475 0.011836 0.014447 -0.006727 0.006259 0.009456 0.007490 0.001481 -0.002439 0.006753 0.006640 0.196969 0.120683 0.691486 0.127985 -0.020599 0.020240 0.066798 0.075373 -0.000531 0.005809 0.005004 0.018885 0.005796 -0.001770 0.011034 0.006420 -0.041766 -0.118899 0.383633 0.252945 0.157327 -0.191200 0.243168 0.249254 -0.023690 -0.042861 0.036754 0.049484 -0.000104 -0.000130 0.001235 0.000764 -0.017322 0.009234 0.056394 0.016693 0.019553 0.016485 0.073860 0.018565 -0.000528 0.010714 0.007756 0.010803
0.002259 0.008919 0.004556 0.011618 0.006640 0.029060 0.016891 0.030180 0.002951 0.036816 0.019637 0.037896 -0.014512 0.013800 0.025523 0.018193 0.006813 -0.014243 0.017222 0.028487 -0.056875 -0.161794 0.205674 0.377545 0.219403 -0.143680 0.253584 0.251816 -0.040224 -0.000922 0.044669 0.010952 0.020465 0.004574 0.028095 0.024919 -0.197787 0.064942 0.305849 0.170118 0.237075 -0.022958 0.477783 0.270676 -0.061114 -0.064082 0.082230 0.088356 -0.013556 -0.013861 0.013702 0.015676 0.065038 -0.033540 0.070873 0.077180 -0.002911 0.062156 0.047985 0.067247 -0.014643 0.015298 0.019531 0.015422
0.003145 -0.000365 0.005416 0.002432 0.001343 -0.002590 0.007443 0.016796 0.015121 0.003592 0.021772 0.005322 -0.002587 0.000909 0.002587 0.001039 -0.000248 -0.023477 0.011273 0.045044 0.059844 -0.253981 0.084617 0.303554 0.248884 -0.147566 0.261942 0.195640 -0.009231 0.001967 0.009831 0.003158 -0.021837 0.013748 0.029661 0.076228 -0.074059 -0.087743 0.113291 0.111997 0.496089 0.063094 0.564269 0.101640 -0.009387 -0.011493 0.020905 0.012175 -0.002269 0.003407 0.003096 0.011679 -0.005488 0.021113 0.026182 0.026244 0.061574 0.011746 0.078553 0.016070 -0.004023 -0.001193 0.004070 0.001636
0.001230 0.004050 0.002293 0.005266 0.002729 0.030930 0.013457 0.051144 -0.009014 -0.012143 0.032750 0.031703 -0.002406 0.007736 0.017770 0.016343 -0.005832 -0.001212 0.028194 0.016549 0.060077 -0.137976 0.651175 0.328043 0.017571 0.035352 0.293758 0.328338 -0.009601 -0.026451 0.040720 0.051029 -0.021222 -0.003164 0.024077 0.020984 0.062716 0.095456 0.212509 0.230246 -0.153485 -0.078620 0.218325 0.186736 0.017419 0.023523 0.047595 0.041719 -0.003326 -0.002265 0.003328 0.002938 -0.010538 0.002060 0.023486 0.014474 0.007848 -0.033645 0.050082 0.051698 0.000665 0.000237 0.002146 0.001501
-0.003060 0.000315 0.003755 0.000695 0.033466 0.000915 0.090512 0.015273 -0.005497 -0.012707 0.010762 0.020635 0.001171 -0.004506 0.001800 0.005148 -0.010088 0.006297 0.015316 0.010365 0.195700 0.225998 0.617742 0.303955 -0.044351 0.085554 0.092704 0.148386 -0.013051 0.011222 0.033965 0.018526 0.000564 -0.007946 0.013772 0.010634 0.146620 -0.206094 0.439414 0.338379 -0.023491 -0.011850 0.068009 0.049232 0.002164 0.002000 0.005212 0.004042 0.000339 0.000981 0.003371 0.001141 0.007625 0.039493 0.026723 0.039665 0.003535 -0.000047 0.017007 0.012314 -0.000457 0.001587 0.001932 0.002476
0.004471 -0.005715 0.005755 0.006967 0.003166 0.004327 0.010071 0.009128 -0.005060 -0.005340 0.030286 0.014287 -0.003798 -0.002852 0.005139 0.007172 -0.032722 0.015265 0.050263 0.062136 0.024464 -0.299147 0.289267 0.405075 0.221451 -0.098567 0.271132 0.153488 -0.093627 0.031167 0.097402 0.044742 -0.030815 0.007656 0.037502 0.011989 -0.056859 0.330307 0.283740 0.335957 0.245439 0.084794 0.265621 0.161107 -0.024800 0.016095 0.035721 0.022554 0.002004 -0.000752 0.002358 0.003787 -0.012252 -0.002604 0.017212 0.012418 0.006538 -0.005920 0.011299 0.007542 0.001218 -0.002530 0.001884 0.002804
0.000251 0.000107 0.000965 0.000498 -0.003799 0.000716 0.006991 0.013295 0.001939 0.012127 0.004334 0.017703 -0.000275 -0.000979 0.000377 0.001169 -0.019830 -0.055796 0.042586 0.063468 0.209010 -0.159632 0.485888 0.288578 -0.091030 0.067548 0.237674 0.559712 0.001054 0.020492 0.024517 0.126202 -0.028101 0.071795 0.035445 0.073334 0.156010 0.218411 0.234148 0.235113 0.002759 0.013694 0.032409 0.063457 -0.005258 -0.002579 0.016954 0.010070 0.000184 0.000301 0.001322 0.001142 -0.004008 -0.007696 0.005721 0.010642 -0.008773 -0.015977 0.018372 0.022354 0.001156 -0.000375 0.003024 0.001649
